 

 

us dierum

0 ω Q Ο· 01 »b ω Ν μ Numer

55555-5555555555555555

31

 

17 51 53
18 51 39
19 5ο 2ο
20 51 1
21 51 42
22 49 46
23 47 49
24 46 53
25 45 55
26 44 57
27 43 54
28 42 51
29 4¹ 32
Aroes
O 49 24
1 39 15
2 38 29
3 37 32
4 36 40
5 35 58
6 34 47
7 33 43
8 32 28
9 31 13
10 38 58
11 29 43
12 28 41
13 27 39
14 26 37
15 25 35
16 24 33

17 23 31

 

18 21 6

19 18 41

20 16 16

21 13 51

22 11 25

23
24
25
26
27
28

9 48
8 11
6 34
4 57
3 20
1 12

28 58 13

29 5

Τ 1

7 55

Ο 54546
1 52 38
2 51 41

3 48 44

4 46 47

5 44 50
6 43 54
7 40 48

8 37 41
9 36 34
10 34 29
11 31 25
12 29 18
13 27 12

14 25 6

15 23 0

16 20 52

Maius

 

17 18 27
18 16 2
19 Ι3 37
20 11 12
21 8 46
22 6 14
23 3 42
24 1 10
24 58 38
25 56 7
26 53 30
27 5ο 52

28 48 14

12 56 19
17 53 17
18 50 16
19 47 14
20 44 13
21 41 59
22 39 45

23 37 31
24 35 17

25 33 3
26 30 27
27 27 51
28 25 15

10 47 32
11 44 20
12 41 8
13 37 50
14 34 46

 

15 32 11
16 29 36
17 27 1
18 24 26
19 21 51
2ο 15 56
21 16 1
22 19 6

23 10 11

24 7 16

25 4 47
26 2 18
26 59 49
27 57 20
28 34 32
29 52 13
Lm
0 49 45
1 47 17
2 44 49
3 42 2ο
4 39 52
5 37 24
6 34 56
7 32 18
8 3ο 1
9 27 43
10 25 26
11 23 8
12 21 21
Ι3 18 34

14 16 14

 

 

15 13 54

16 11 34
17 9 14

18 6 52
19 4 33
20 2 40
21 Ο 47
21 58 55
22 51 1
23 55 9
24 53 13
25 51 25
26 49 33
27 47 41
28 46 50

 

 

 

