(173 recto) Aequatio lunae.

 

     
  
  
   
 
 
  
    
 
  
  
   
  
  
    
  
    
      

14
13 42 135414 14181430 1442 14 551
13 4ο 13 52 14 1416 14 28 14 40 14 521

13 38 13 50 14 14 14 14 26 14 38 14 49

Ο Ν 4>- Q 00

13 36 13 48 14 1412 14 23 14 35 14 47
13 33 13 45 13 57 14 9 14 21 1433 14 44
13 31 1343 13 55 14 61418 14291441¹

13 28 13 40 13 52 14 314 15 14261433Ξ

 

13 26 13 37 13 49 14 O 1412 14 23 14 34Ὶ
13 23 13 34 13 46 13 57 14 8 1419 14 3⁰2
1320 13311342 135414 5 14161427}
13 17 13 28 13 39 13 50 14 2 14 13 14 24
13 14 13 25 ¹3 36 13 47 13 58 14 9 14 20
2 11 13221333 1344 13 55 14 61-116}
13 8 13 18 13 29 13 40 13 51 14 2 1412
13 5 13 15 13 26 13 37 13 48 13 59 14 9Ἰ
27 11 57 1211 1219 12 30 12 40 12 51 13 2 1312 13 23 1334 13 44 13 55 14 5
28 11 55 12 8 1216 1227 12 37 1248 12 58 13 9 13 19 1330 13 4ο 13 51 14 1,
29 11 52 12 5 1213 1224 12 34 1244 12 55 13 5 1315 13 26 ¹3 36 13 47 13 57
1311 13 22

 

421071(q

