Argumentum lunae aequatum. (148 versa)

 

  
  
  
    
  
   
  
  
  
  
  
  
  
  
  
   
  
  

3241S 4 42756 8 51457 4 61834 7 7534 4 8911
410 49 12 51412 18 0 1 27 12 7 4 51 17 7 22 5 11 8 25 30
12646 23 52940 30 617 26(23 72025 28 8 S 8 23 9118
51123 36 61322 43 721135 8412 42’ 82258 34 9254
623 49 53 71433 45 81454 52 9 533 47 10 559
0 151 57 7 017 59 723 6 57 82137 59 914 22· 56 1012 54
6 6 52 60 7 4 53 59 7 2818 60 8 2611 59 9 19 25 60 1017 30

 

61210 56 71140 52 8 326 56 9 228ἶ53 02440 59 102354

 

ιοαέκῑσιυιιειωωμ
Q
(a
Q
Q
“3

6216 47 72231 41 8126 48 9132 421037 4911413

10 7 3 43 34 S 0 23 28 S 24 35 35 9 27 7 29 1013 20 36 11 17 51
11 18 40 22 8 21 0 16 9 9 22 22 1012 38 17 ν11 0 3 23 0 3 17
12 8 4 46 11 ε) 817 7 9 25 34 12 10 28 53 8 11 16 2 12 0 19 33
13 82115 4 92452 12 101154 4 111529 2 O 236 4 1 0 8
414 9 753 0 101236 0 102830 0 0 2 8 Ο 019 6 0 12246
ἰ15 924 33 1 102812 3 11 1510 1 01845 3 1 547 '1 2 923
[16 101112 6 9

17 10 27 31 14

18 1113 15 27 0 15 49 33 1 3 58 25 2 6 44 32 2 25 39 25 3 27 30
19 11 27 28 39 0 29 6 45 1 1817 39 2 20 1 45 3 9 7 28 410 25

;20 0 8 45 52 1 8 39 55 1 29 48 51 2 29 51 55 3 20 51 50 4 25 27

’21 016 9 58 1 14 25 60 2 7 26 58 3 5 42 60 3 28 52 52 4 27 3
22 0 20 47 60 1 19 6 58 2 12 8 60 3 10 24 58 4 3 31 60 5 1 41
23 0 25 46 55 1 26 50 51 2 17 55 55 3 1753 52 4 9 7 55 5 3 57
21 1 6 39 45 2 8 28 35 2 27 36 45 3 2917 39 418 31 46 5 20 7
Ξ25 120 0 31 2 22 50 ⁴ 25 310 48 32 413 39 27 5 1 15 38 0 815

111442 10 0 146 6 1 519 12222 5 22557
o 043 20- 018 9 15 1 2129 20 2 847 14 3 12 9
20 4 2918 15 516 42 21 619 57 ·

 

 

 

