Saturnus. (6 verso)

 

 

 

 

 

 

 

 

 

 

 

 

 

 

 

 

 

 

 

 

 

 

 

 

 

 

 

 

 

 

 

 

 

 

 

 

 

 

 

 

 

 

 

 

 

 

 

 

 

 

 

 

 

 

 

 

 

 

 

 

 

 

 

 

 

 

 

 

 

 

 

 

 

 

 

 

 

 

 

 

 

 

 

 

 

 

 

 

 

 

 

 

 

 

 

 

 

 

 

 

 

 

 

 

 

 

 

 

 

 

 

 

 

 

 

 

 

 

 

 

 

 

 

 

 

 

 

 

 

 

 

 

 

 

 

 

 

 

 

 

 

 

 

 

 

 

 

 

 

 

 

 

 

 

 

 

 

 

 

 

 

 

 

 

 

 

 

 

 

 

 

 

 

 

,ᾗ , 12 13 11 15 16 17 18 19 20 21 2 23 Ι
Ξ y Ξ eapmorn caprimn caprum, Aquarius Aquariu Pisces Pisces Pisces Arses Ario Am· ’11111115
ἒ ἱ ..ν m 5: ι μ m g ιιι g ιιι g ,ᾳ m a ιιι ,ᾳ „a⁴ a m
Ι w 10 6 20 17 2 27 25 7 42 1) 17 0 11 11 16 22 29 4 1 14 43 27 49 10 61
ἐ 20 0 46 17 40 28 32 9 22 0 20 1 19 12 31 23 45 5 20 17 1 29 1 11 13
ί 31 6 59 18 8 29 13 1015 21 22 2 32 13 41 25 S 6 47 18 41 ganuz} 12 33
*m 10 7 2 18 25 29 42 10 54 22 12 3 29 14 48 26 20 ὃ 4 19 48 1 45 13 49
Ξ 20 6 50 18 30 0 Ι,0 11 27 22 53 4 22 15 51 27 28 9 18 21 9 3 4 15 9
¹ 30 6 35 18 24 οΑηω6 11 46 23 27 6 16 40 28 34 10 29 22 26 4 27 16 25
Ὦ 10 6 15 18 19 (ῼΝἰωὸ. 11 56 23 48 5 ’45 17 38 &my 11 36 23 39 5 47 18 53
’,Ξ 20 5 47 17 46 29 53 12 0 24 1 6 9 1819 0 29 12 37 24 44 7 1 1915
30 1 4 58 17 11 29 32 11 47 24 4 6 30 18 59 1 12 13 30 25 50 8 22 20 14
,ε 10 4 12 16 34 28 59 11 20 23 56 6 36 19 13 1 46 14 22 26 59 9 31 21 54
Ξ 20 3 35 15 47 28 20 10 55 23 36 6 27 19 20 2 9 15 30 27 48 10 29 23 4
5ο 3 15 15 0 27 34 1018 23 9 0 12 1917 -2 12 15 55 28 27 1122 27 9⁵
m 10 1 58 14 11 26 48 9 34 22 31 5 45 19 4 2 23 15 42 28 59 12 5 25 6
3 20 1 20 1325 2558 8 49 2148 5 4 1842 2 13 15 47 2920' 1245 2555
31 O 38 12 45 25 8 7 55 20 59 4 23 18 2 1 50 15 40 29 32 13 1 26 41
3 10 0 18 12 12 24 30 7 7 20 6 3 732 17 21 1 19 15 22 29 29 13 26 27 10
{0 20 O 4 11 45 23 59 6 24 19 19 2 46 16 38 O¹ 39 14 54 29 14 13 32 27 31
'³ 51 0 3 11 33 23 7 5 ’41 18 30 1 53 15 42 {3⁰50 14 15 28 46 13 17 27 40
ἒ 10 0 13 11 30 23 4 5 18 17 54 1 8 14 56 28 42 13 30 28 11 12 58 27 34
Ξ 20 0 29 11 35 23 4 5 0 17 26 0 36 14 17 28 9 12 43 27 22 12 26 27 10
””’ 30 1 O 1155 2515 4 54 1713 29ωὲιέ 13 25 27 3 1147 2644 1149 27 52
k 10 1 51 12 22 5 211 4 58 17 2 29 37 12 51 2540 11 0 2553 11 4 2615
’Ξ 11 22 1 55 541) 5 12 17 5 2928 1237 26 3 1016 25 8 1015 2533
v 30 3 19 13 46 24 29 5 36 17 17 29 24 12 10 25 31 9 33 24 8“ 11 24 41
2: 10 4 12 14 40 25 14 6 35 17 39 29 35 12 6 25 15 9 0 23 30 8 25 23 4
Ξ 20 5 18 15 38 26 8 6 55 18 15 2955 12 17 25 8 8 4 22 54 7 50 22 54
Z 30 6 29 16 40 27 5 7 46 18 56 οΡιω239 12 35 25 12 8 32 22 301 7 5 22 77
>b 10 7 38 17 48 28 8 8 42 19 46 1 8 13 2 25 29 8 32 22 15 7 34 21 7
ξ 20 8 48 18 57 29 16 9 45 20 44 1 58 13 41 25 52 8 45 22 15 6 14 20 28
*a 31 1011 2016 Ὰὲκωὲιις 10 51 21 53 3 0 14 33 26 34 9 11 22 22 6 6 20 53 -
10 11 22 21 28 1 44 12 9 23 0 4 33 15 29 27 22 9 47 22 43 6 t) 20 14
20 12 29 22 42 2 54 13 20 24 10 5 11 15 44 28 10 10 30 23 16 6 30 20 14
31 13 41 23 53 4 19 14 42 25 31 6 28 17 51 29 35 11 25 23 59 6 57 20 27
,ξ 10 14 43 24 4 5 ab 16 0 26 46 7 42 18 54 017137 12 26 24 49 7 37 20 51
Ξ 20 15 40 26 17 6 36 17 10 28 218 58 20 10 1 47 13 33 25 46 8 30 21 25
Ξ 28 16 12 26 55 7 20 18 S 28 59ἶ 9 59 21 8 2 42 14 30 26 38 9 4 22 ΙΙ
12 2-2 7 4 ⁷ 1 ⁷ 2 2 ———

 

 

 

 

 

 

 

 

 

 

 

 

 

*>‹> 10 2⁵0

