 

 

 

 

 

7recto)

F avn
Ξ Die 11
Ξ Mat
Z

g m

1 3 811
2 5 24 46
3 4 11 7
4 4 26 28
5 510 52
6 5 2159
7 5 2911
8 6 3 49
9 6 9 59
10 6 20 5
ll 7 3 33
12 7 18 55
13 8 5 6
14 8 21 41
15 9 8 19
16 9 24 48
17 101132
18 10 27 26
19 1113 12
20 1126 45
21 o 7 1
22 013 20
23 017 57
24 0 24 56
25 1 5 56
26 1 19 55
27 2 5 35
ἰ28 2 2155
29 3 8 29
30 3 25 10

 

 

 

41156
42819
51425
52929
61227
62146
62720
7111
7106
72156
8624
82216
9845
92518
101159

10 28 24

1115 3

, O Ι I

01538
02740
1613
11117
11631
12525
284
12256
390
32530

4127

 

 

 

42842
51523
6146
61731
7144
71416
72031
7258
816
81059
82419
9935
92545

101220
102856
111536
0210
01826
11856
11737
1288
2430
2915
2162
22647
31039
32614
41232

4297

51547

. F · v F VI η F 1 .-
’ς ⁸ ξ ⁷ Ξ ⁶ Ξ
ξ’ Junius ξ’ Julius ἓ August Ξ
,ἒ ,ἒ 3 ‘²
e s g m
1 6 2 24 3 6 19 25 1 7 23 1 3
5 6 12 57 10 7 6 0 5 8 9 34 91
15 7 5 4 20 7 22 29 15 8 25 45 20
26 71915 32 8 8 13 27 911 0 32
29 8 3 23 45 8 22 33 39 9 24 18 43
47 8 12 58 55 9 4 6 51 10 4 9 55
58 8 18 43 60 9 11 45 58 10 10 14 60
60 8 23 32 58 9 17 22 60 10 ,14 44 58
55 9 1 9 51 9 22 14 55 10 22 12
45 9 12 44 39 10 1 51 45 11 3 33 39
31 9 27 6 25 1015 4 32 11 18 48 27
19 1012 55 15 11 015 20 0 3 32 15-
9 10 28 36 5 11 15 39 10 0 1913 6
3111555 1 0256 31632 1
0 0235 0 01933 O 12311 0
2 01911 4 1612 2 21049 4
8 1 5 40 12 1 22 47 7 2 2619 11
17 121 42 22 2 9 6 17 312 21 22
30 2 6 29 35 2 24 4ο 28 3 27 14 35
43 218 52 48 3 S 31 41 4 9 52 47
53 2 27428 57 3 1914 52 4 18 42 56
59 3 2 27 60 3 25 59 59 4 23 -52 60
49 3 747, 57 4 032 59 429 1 57
52 316 25 48 411 9 53 5 724 49
41 3 28 51 35 4 17 37 43 5 19 37 36¹
28 413 27 22 5 122 29 6 418 23
16 4 29 38 12 5 16 53 17 6 20 16 12
7 5 16 8 4 6 3 9 8 7 6 44 4
2 6 247 O 61923 2 72321 0
0 7 6 23 O 8 10 11 1

 

 

 

 

 

 

 

 

 

 

52·

 

 

