 

Medius cursus Lunae acl menses et ad dies.

 

 

 

 

 

(25rccto)

Marti April Maius Jmius jul Aa ι
g-—ffl—ss———ss—
a 2 g 2 g m 2 g 2 g m 2 g
1 0131035 213837 36564 425246 604132 719 932
2 0262110 2114912 320639 583441 613527 82206
3 193145 2215957 4 31714 5214516 627 242 8153042
4 12242203111022 4112748 6 45551 7101317 8284117
5· 2 55255 3242057 4293824 618625 7232352 9115152
6 219330 473132 5124859 711659 863427 925 227
7 3 2“144 420427 5255933 7142734 81945 2108130
8 3152439 535242 69108 727389 92553710212335
9 3283514 517317 6222043 8104844 916 6121143410
10 4‘114549 6 01352 7 53118 8235919 929164611174446
11 4245624 6132427 7184153 9795410122721005520
12 5870 626352 8 15227 920202919253756 014 555
13 5211734 794537 815 3210331411 84831 0271630
14 64289 7225612 8281337101641401121596 110275
15 6172844 86647 911241210295214 0 5 941 1233740
16 704919 8191722 92434471113 249 0182016 264815
17 7135954 92275610 74522112613241120512195850
18 7271029 915383110205557 0923591144126 33925
19 810214 92849 6 114 632 0223434 22752 0 31620 0
20 823 3138 10115940111717 7 1 545 9 211 235 3293035
21 c) 6421310251015 0 02742 1185544 2241312 4124110
22 31952481182052 0133819 22619 3 72347 4255145
2310332311213121 0264854 2151654 3203422 59220
24 10161358 0 44212195929 2282729 4 34457 5221255
25 10292433 0175247 123102 311384 4165532 652330
261112358 11322 262036 3244829 5067 618345
27 11254542 1141357 21931114 75914 5131642 7 14440
28 0 85617 1212433 3 24145 421 9495262717 ’1145515
29 022652 210357 3155220 542024 693754 718 55οἔ
30 151724 2234529 329 257 5173056 62248218111624
31 11818 3 . . . 4121331.. . . 7 55357 8242659

 

 

 

 

 

 

 

 

 

994744·

 

 

