 

,ΤΛ
0 ω κ] Φ <n a> ω M ν-*Ξ-
rt·

ἓὸἓὲἓᾶὲὃῦἓέεεεὸᾱῑεμμμ
{Ob-‘0

 

1146
11 43
1140
1137
11 34
1131
1128
1125
1121
1118
1114
1111
11 7
11 4
11 O
10 56
10 53
10 49
10 45
10 41
10 37
10 33
10 29
10 25
10 21
1017
1613
10 8
10 5

959

1156 2

1153 2

1150 2

11 47
11 44
11 41
11 38
11 34
11 30
11 27
11 23
11 20
11 16
11 12
11 8
11 4
11 1
10 57
10 53
10 49
10 44
10 40
10 36
10 32
10 28
10 24
10 19
10 14
10 10
10 5

Aequatio lunae.

 

12 16 2 2
12 13 2 2
12 10 2

1272

12 3 2
12 0 2
11 57 2

11 53
11 48
11 45
11 41

2 1138

2 1133

10 57
10 52
10 47
10 13
10 39
10 35
10 3ο
10 25
10 20
10 16

1011

11 29

'11251

11 21
11 17
11 13
11 9
11 4
10 59
10 54
10 50
10 46
10 42
10 37
10 32
10 27
10 22
10 17

³- ›-= ·-· ›-⁴ -u ⁸—1 -u
v·-

12 2

11 57
1154
1150
1146
1142

1138

11 29
1125
1121
1116
1111
11 7
11 2
10 57
10 53
10 48
10 43
10 38
10 33
10 28

10 23

11 46 11 55

2 11 41 11 50

11 37 1146
11 35 1142
11 29 1137
11 24 1132
11 19 11 27
11 14 11 22
11 9 11 16
11 4 11 11
11 O 11 6
10 55 11 1
10 50 10 56
1044 10 51
10 38 10 45
1034 10 40
10 29 10 34

 

&108ae

12 57

³ 12 53

12 50
12 46
12 42
12 38
12 35
12 30
12 24
12 21
12 16
12 13
12 8
12 4
11 58
11 53
11 50
11 45
11 40
11 34
11 29
11 23
11 19
11 13
11 9
11 3
10 57
10 5]
10 46
10 40

13 7
¹3 3
13 ο
12 56
12 52
12 47

12 44

‚12 39

12 33
12 3ο
12 25
12 21
1217
12 22
12 16
12 7
1158
11 52
¹147
1141
1137
11 31
1126
1120
1115

ῙῙ ῙΟ

11 3
10 57

ιο 52

10 46

13 17
13 13
13 10
13 6
13 1
12 57
12 53
12 49
12 42
12 39
12 34
12 30
12 25
12 20
12 15
12 10
12 6
12 Ο
11 55
11 49
11 45
11 38
11 33
11 27
11 22
11 16
11 10
11 3
10 58
10 52

13 27
13 23
13 2ο
1316
13 11
13 6
13 2
12 58
12 51
12 48
12 43
¹2 39

12 34

12 29
12 22
1216
1212
12 8
12 3
11 56
11 52
11 45
1140
11 34
11 29
1122
1116
11 9

11 3
10 58

(5 5 verso)

(1 73 verso)

13 37
13 33
13 30
13 26
13 21
13 16
13 12
13 7
13 0
12 57
12 52
12 48
12 43
12 37
12 31
12 26
12 21
12 16
12 21
12 4
11 55
11 52
11 47
11 41
11 36
11 29
11 22
11 15
11 10
11 4

 

13 48
13 45
13 39
13 35
13 3ο
13 25
13 21
1316
13 10
13 6
13 1
12 56
12 51
12 46
12 40
12 35
12 3ο
12 24
1218
12 12
12 6
12 0
1154
1148
11 42
1136
1129
1122

1116

119

 

