Tabula medii cursus capitis draconis et veri ad annos domini collectos.

(5 7 verso)
(175 ²oe780)

 

 

 

 

1 29 36 45 10 Ο 22 15 32 9 29 36 50
1⁸ 57 51 9 11 2 9 33 10 18 47 1
8 21 6 8 21 38 48 34 11 8 7 10
27 11 12 8 2 18 48 35 11 27 30 28
1 17 21 18 7 12 38 42 36 O 16 51 36
3 6 22 11 6 23 37 53 37 1 6 11 15
5 25 44 33 6 4 15 27 38 1 29 31 24
6 15 4 35 5 14 55 22 39 2 14 54 12
4 24 44 4 25 35 16 40 3 4.14 50
7 3 44 50 4 6 15 10 41 3 23 34 58
b 13 S S 3 16 51 52 42 4 12 54 43
9 28 21 2 27 31 39 43 5 2 17 56
9 1 48 29 2 8 11 30 44 5 21 38 4
10 11 9 46 1 18 51 56 45 6 10 58 13
11 o 31 56 O 29 23 4 46 7 O 19 2
11 15 52 3 Ο 10 18 57 47 7 19 41 41
O 9 12 12 11 20 45 48 48 8 9 1 50
O 28 33 0 11 21 27 O 49 8 28 22 Ο
1 17 55 39 10 12 4 21 5ο 9 17 42 10
7 15 47 9 22 44 13 51 10 7 5 11
26 35 55 9 3 18 5 52 10 26 25 39
15 46 4 8 13 57 56 53 11 15 45 48
4 5 19 2 7 24 40 38 54 Ο 5 5 58
24 39 29 7 5 20 31 55 O 14 29 17
25 7 14 1 36 6 16 Ο 24 56 1 13 49 29
26 6 3 19 45 5 26 50 15 57 2 2 59 37
27 6 43 31 5 7 16 29 58 2 22 29 47
28 7 1 3 40 4 17 56 20 59 3 11 53 6
29 8 1 23 18 3 28 36 42 60 4 1 13 16
30 8 1 43 25 3 9 16 34 61 4 20 33 26
31 9 1 6 ¹3 2 19 53 17 62 5 9 53 30
ι Cursus capitis aequalis
4 s Ψ η. -
1 . 1299 0 20 57 35
Ι Radlx
1 10 17 40

 

2 0 33 9
1 11 13 5
0 21 52 50
o 2 29 32
11 13 8 24
10 23 45 45
10 35835
914 548
8 25 45 10

8 6 25 2,

7 17 5 24
62742 4
6 8 21 56
5 Ῑ9 1 47
4 29 10 58
4 10 18 19
3 20 58 10
3 1 38 0
2 12 17 50
1 22 54 49
1 3 34 21
O 14 14 12
11 24 54 1
11 5 30 43
10 16 10 33
9 27
9 75619
8 18 6 54

0 23

7 28 46 44
7 9 27 34

6 20 6 30

63
64
65
66
67
68
69
70
71
72
73
74
75
76
77
78
79
80
81
82
83
84
85
86
87
88
89
90
91
92
93

 

52917 5
6 18 36 17
7 75748
7271729
8 16 40 49
9 6 659
926519
10 14 41 17
114 340
11232449

 

6 Ο 42 57
5 11 23 53
4 22 2 42
4 2 42 31
3 13 19 11
2 23 59 1
2 4 8 51
1 15 18 43
O 15 56 20
O 6 35 11

0 22 45 0 11 17 15 0
1 2 5 10 10 27 54 50

1 21 38 32
2 10 48 41
5 0 853
31928 5
4 8 52 8
4 28 12 35
5173246
6 6 52 58
6 26 16 18
7 15 30 30
8 4 56 42
8 24 16 54
9 12 40 15
10 3 0 26
10 22 20 38
11 11 40 51
0 1 4 12
0 20 24 23

1 9 44 35

10 8 31 28
9 19 11 19
8 29 51 7
8 10 31 55
7 21 -7 52
7 1 47 25
6 12 27 14
5 23 7 2
5 3 43 42
4 14 29 30
3 25 3 18
3 5 43 6
2 6 19 45
1 26 59 33
1 7 39 21
Ο 18 23 9

11 28 55 48

11 9 35 37

10 20 15 25.

Verus cursus capitis

S gr m 2

11 9 2 25
10 19 42 20

 

sym&

