 

κοοοησκυιρωωμ

 

ΞῦῦῖΞ-’Ξ

15
16
17
18
19
20
21
22
23

0 16 39

1 3 11
1 19 36
2 5 26
2 26 51
3 1 24
3 Q 4
3 14 10
3 19 49
3 29 12
4 12 20
4 27 23
5 Ι3 33
6 0 5
6 16 41
7 3 23
7 19 5ὅ
ὅ 6 16

Q 5 50
›Lu-tim>

9 16 42
9 23 36
9 28 17

10 24 36

 

 

<2⁴

ο Ιο
OE ω
›-‹
<11

1 39

7 43

19 40
0 53
15 2
O 45
17 6

341

x! χ] (3Χ Θ Ul 211 4- 4- 4- -1- 0³

20 22

00

659
8 23 30
Q 9 35
924 36
10 7 17
10 16 20
Amnss
10 21 40

10 26 37

11 4 56

2 7 10
2 23 47
3 10 15
3269
4 10 40
4 22 35
4 29 40
5 5 35
5 11 1
5 20 21
6 3 6
6 18 5
7 4 12

720 44

 

 

6
6
6 21 44
7
7

8744

9 10 59
927 36
10 14 S
11 0 14
11 15 17

11 25 15

0 17 55

 

 

 

5 18 0
6 4 16
61944
7326
7 13 53
7 20 21
7 24 55
b'147
S 12 34
S 26 27
9 12 4

9 28 21

10 14 56
10 24 41

11 18 16

0 4 46
0 20 47
1 6 3
1 19 10
1 28 43
2 4 29
2 9 10

2 16 54

2 28 32
Augustus

 

 

 

