 

 

 

 

 

 

 

 

 

 

 

 

 

 

 

 

 

 

 

   
  
  
  
  
  
  
  
   
  
  
  
  
  
  
  
  
   
   
  
  
  
  
  

 

ξξέὀνξζζζζ) Argumentum lunae aequatum.
F I d Feriam Γ 12 IV ἢ 1⁴ ἲ Ι ΔΞ 1⁴ vu ᾗ. F 11 τε
Ξ Die 26 Ξ 25 23 Ξ 23 ’Ξ 21 Ξ 21 Ξι
Ξ Jun ξ 1 gut September ξ Ortober Ξ κ mu ξ D emb ἐξ,
3 Ξ ἓ ² ἐ ,ἓ
-ξ, ε ε ε
g e ξ m g g
1 4843 2 51220 2 7257 4 71958 82334 4
2 42517 9 52547 Ἰ8 72127 12 8633 9104 12
3 5 1129 19 614 43 18 8 5 23 23 819 50 9 23 5 23
4 5 26 52 31 6 29 17 30 8 19 34 36 9 8 20 1010 51 35
5 61019 44 71116 46 9 217 48 922 3 102317 48
6 6Χ 20 22 57 7 19 54 54 9 13 41 57 10 2 35 11 1 57 571
7 6 {6 30 59 S723b32 59 915 54 60 10 910 11 7 5 60
, e t m er
8 7 1 7 58 7pzeq 46 59 9 21 0 57 1012 44 11 12 29 57
9 7 8 21 52 8 8 52 52 10 29 51 47 10 20 29 11 20 50 48

 

 

 

10 719 30 41 8 2141 41 1012 28 35 11 111 0 315 38
11 8 3 37 27 9 6 40 27 10 27 20 22 111³ecle¹gber7 0 18 0 23
12 8 19 19 17 6 22 45 16 11 13 28 ’11 11 29 41 Ιιπυῗῖῃδι 12
13 9 5 40 7 10 8 33 7 1129 54 4 016 54 120 31 ἦ
14 92131 1 102453 2 01630 0 1327 277 0
15 10 855 0 111233 O 1310 1 120 9 22347 1
16 10 25 31 3 1129 8 3 119 45 7 2 6 45 310 42 5
17 11 12 3 11 015 29 10 2 6 9 15 2 2319 3 26 47 15ί
18 112816 21 1 1 11 21 2 2154 27 31016 412 36 35
19 013 7 34 11518 33 3 6 5 33 32438 42656 35
20 0 25 56 46 126 27 46 317 30 52 4 7 49 5 3 34 511
21 1 4 43 56 2 3 41 55 3 23 58 58 4 17 27 5 16 16 58
22 1 10 28 60 2 9 21 60 3 29 38 60 4 23 12 5 20 59 60
23 1 15 24 58 2 14 26 57 4 5 33 55 4 23 7 5 26 43 55
24 123 32 49 2 24 30 50 ,4 15 25 45 :3 5 36 6 ¹9 27 45
25 2 5 5² 37 3 7 56 31 4 28 42 32 5 17 10 6 24 27 32;
26 219 35 24 3 2317 25 5 ¹3 57 17 5 27 23 7 4 37 20

 

27 360 13 4930 14 608 9 61717 72045

28 32228 5’4264 5 61641 3 7343 8717

29 494 0 51242 1 7319 0 72017 82325

 

 

 

