Tabula Mercurii.

Tabula Mercurii.

(19 verso)

 

 

 

 

 

 

 

 

   
   
    
   
    
    
 

 

 

 

 

 

 

 

 

 

 

 

 

 

 

 

 

 

 

 

g Ξ Ἃ 36 37 38 39 40 41

Ξ ἐ Aquarius Aquar1u< Pisces Pisces An· Ξ ἐ Libra Libra Virgo Virg Vs'rg Virgo

⁴ 1: g ς’ m g “¹ g 1 g 1: 111 e g ε m
5 27 26 27* 4 9 22 24 ’21 8 35 916 5 9 21 12 8 22 9 3 16 6 56 18 5
10 2951 ‘3⁵‘ss 18 55 {42 15 56 9 56 Q 10 16 15 13 35 18 50 7 10 13 30 ²13·²⁵

ἒ 15 {¹⁸:151 13 51 2Δ81>ή253 12 5 22 5 6 46 ἓ 15 21 55 14 15 19 36 12 4ο 2Ῑ2ὣ5α8 ὁψηο

Ξ 201154 2259 7 50 212 26 13, 229 Ξ 20 26 26 10 51 2142 19 8 1 30 14 28

ἒ 25 19 32 [21131230 17 18 {glum} 28 12 2F6⁵ce5³5 ἓ 25 29 6 7 51 22 26 25· 25 9 58 25 7
31 29 36 13 19 28 9 7 14 26 13 26 47 30 516οἜ’7 5 48 27 5 Ι4ών219 18 41 {mg}

Arm Libra La> a
5 8 52 273w5u3 7621‘725 12 39 22 56 ms 5 28 38 5 37 5 4 13 59 257011ρο 7 49
1017 50 5 38 15 6 15 52 18 14 10 25 55 7 46 10 1 21 8 35 13 26

ἒ 15 27 37 12 41 22 26 16 53 16 17 ἒ 15 22 46 11 28 17 29 29 42 13 21 19 29

Ξ 20 761117υὲ 20 22 28 39 15 3 15 40 ν Ξ 20 22 5 1632 25 32 89οΥζ8 21 ’11 21 3
25 16 10 29 37 03ΜΜ8 9 12 18 10 2 25 22 46 23 11 sgorg} 14 43 28 ῃ 7 25 7
30 25 39 (17θή1,ιὲ 4 50 5 16 23 Ο 2 31 25 40 82ονρ2 14 8 26 43 S5wu'7 24 56

Δῄῄ’σῑι,ἠι·’““-“’“-““-““’-““ῄ-ιιινιιε s οφ. ευρ-ιι.

5 5 6 14 11 3 29 3 51 2 5 1 27 9 53 {ciffi-5¹9 4 38 9 34 21 53
10 13 40 19 35 Thr} 4 22 ἓ 10 7 40 18 10 1 26 12 2 15 51 18 44

’Ξ 15 21 57 3 5 26 13 7 31 14 . ἓ 15 14 44 27 48 9 56 18 30 1228 17 5

ξ 20 29 29 6 53 22 34 12 46 21 · Ξ 20 22 ¹26 ³532} 17 11 24 12 10 26 17 3
25 05„ch 21 58 21 49 19 39 Gen ἒ 25 8ξ’)ρὲἐ) 16 18 26 1 28 9 5 54 18 38
31 10 48 16 12 24 4 29 6 2 2 30 9 23 23 1 egum& 29 35 3 41 23 19

Gemini anm ssffiss
5 12 28 9 28 262an 7 46 204Μ9 ¹ 5 18 17 1 38 9 26 29 3 2 33 ἓξὲξ-5
10 8 21 9 18 5 30 16 34 Ε 10 chprff 10 51 14 23 26 2 3 31 5 59

ἒ 15 6 15 10 51 1 59 26 0 12 58 2 Ξ 15 6 9 17 35 16 50 21 56 6 44 13 25

Ξ 20 1 42 15 19 21 17 (gmcsrS 2 m Ξ 20 14 26 24 31 14 36 18 31 12 59 22 42
25 209ω119 20 b ancssro 14 56 Q 25 23 31 A1q Η113 13 40 18 13 18 32 (ἓξὲξ-8
30 27 53 27 6 9 13 4 13 = 31 Aguasssss 3 21 9 53 20 45 27 57 11 20

c aaaaa c aaaaaa Lm capric.
y 5 0 3 5 2 18 36 3 27 5 10 33 5 20 5 14 ²025? 3 14 20 32
10 5 11 12 46 27 55 1216 ω, 10 16 51 3 28 3 55 1 46 12 59 29 45

Ξ 15 11 35 2 28 0Lw11 20 24 Ξ 15 21 18 209ρῃςο 5 52 9 6 21 59 Α’Ῑῃῖ7

:1 Leo ancer Ξ Aquar.

ἓ 20 18 52 1 31 16 16 :cheno 2 › Ξ 20 23 17 23 39 9 27 17 21 1 27 17 19
25 21Lw9 10 47 ιηὺὲοὸ 4 26 25 37 ²⁴³ 25 22 18 21 11 15 22 {gua} 10 51 21286233
31 7 28 143 153 10 8 20 40 21 31 17 53 2153 24 13 7 6 23 56 5 51

Vfrgo :o Aquar. Pisces ⁷
5 16 21 0 30 12 27 1 25 15 19 5 12 33 25 25 3 24 16 27 3 8 12 30

ω 10 2321 017 1354 1 ss 1³ 47 g 10 9 9 ‘'ff'‘“ssi 1147 2559 1142'18 4

Ξ 15 (ξνέ1203 17 29 24 3 9 53 14 43 Ξ 15 9 13 8 7 21¹ 20 {mc-{⁵4 20 3 2012

Ξ 20 13 28 20. 7 26 7 556 17 15 Ξ 20 11 27 16 8 133ωὸ 14 49 2728 21 51

< 25 21¹»zss4 lisbgal 28 12 1 49 22 44 Ξ 25 16 9 21} 5 9 36 251435 {ngsg 18 36
31 1 45 8 26 25 52 1 42 29 37 28 18 52 Ome} 14 55 67139 6 28 16 38

 

 

 

 

