 

 

 

 

 

 

 

 

 

 

 

 

 

 

 

 

 

Tabula Solis Quarta. (23 verso)
ιΤ 1 Ἶ
ἐ ,mm Apu! Ma nmins Juzn· Augustus
ἓ mmm An· Taurus Gemini c aaaaa Leo
ξ g ¹¹ 5 2 g ¹¹¹ 2 4¹ g 111 2
Z
1 18 6 67 18 33 44 17 33 20 17 11 17 15 46 39 15 28 52
2 › 19 610 19 32 15 IS 30 7 18 8 19 16 43 55 1626 42
3 0 541 2030 35 19 27 52 19 530 174111 172432
4 1 5 17 21 28 56 20 25 38 20 2 35 18 38 27 18 22 22
5 2 4 51 22 27 16 21 23 25 20 59 52 19 35 44 19 20 12
6 0 4 5 23 25 57 22 20 53 21 57 2 20 32 59 20 18 10
7 ι 319 242328 2318 22 225412 213013 - 2116 9
8 ο 33 25 21 49 24 15 50 23 51 22 22 27 27 22 14 0ι
9 26 1 47 2620 0 2513 19 244832 23 24 43 2312 7
10 27 1 2 27 28 10 26 10 47 25 45 41 ’ 24 21 56 24 10 8
11 ο8 0 6 28 16 15 27 7 36 26 43 14 25 19 25 25 8 12
12 8 59 10 29 14 19 ὅ 4 ..4 27 40 47 26 16 53 26 6 19
13 9 55} 1} οΤῗ2υς24 29 1 12 28 38 20 27 14 22 27 4 27
14 Ολζζςῐὸ 1 10 29 29 59 Ο 29Ἶ35 53 28 11 51 28 2 33
15 1 56 1 2 8 88 Οσζᾎὼᾏὸ 0⁹35}ss 29 9 32 29 0 40
16 55 4 3 629 15253 131 1 OL‘EJ 5 295851
17 3 5.] S 4 4 25 2 50 37 2 28 36 1 4 20 Οκ5ἷῗο 2
18 4531 5221 3483 32611 2150 15523·
19 55155 6017 44727 42340 25920 25324
20 6 50 43 6 58 14 5 44 21 5 21 21 3 56 50 3 51 36
21 149⁰} 75544 64137 61748 454 26 450 3
22 8480 85314 7385 71416 552 2 54831
23 946 3( 95044 836 4 81044 649 38 64659
¹ 24 10 45 1 10 48 14 9 33 9 7 12 7 47 14 7 45 27
ἒ 25 11 43 ,19 114544 10 30 38 10:339 844 49 84355
ἵ 26 1 42 27 12 43 44 11 27 53 11 O 48 9 42 32 9 42 21
27 15111 7 13 41 40 1 25 6 11 57 56 10 4014 10 40 58
28 11391 14 89 88 11 ⁹2 19 12 55 5 1137 56 11 89 85·
³ 29 15 58 w ’ 15 87 85 1.] 11) 32 13 53 14 12 35 38 12 88 12
’8ο 16 57 16 85 88 15 16 45 14 49 22 15 32 20 13 87 49
31 17 35 7 - 1613 57 14 31 14 14 35 27

 

 

614416

 

 

