 

 

 

 

 

 

 

  
  
  
  
  
  

m Fena 111 a Ferxa V Ν Fene. VI a ena ω ena ω ena Ν
ἓ Dle 30 «ξ 30 Ξ 28 Ξ ξ ἒ Ξ
s g m ε s g m Ε s g m Ε ,ς ιι m Ε ,ς m s
Μ
1 21319 3 31755 6 4357
October
² ² ²⁹ 4² ¹¹ ssvezbsf‘ 1⁵ 4 ²⁰ ²⁹
3 31552 21 419 2 28 5 638
December
4 4 059 33 5 320 40 52144
5 41354 46 51427 52 6 451
6 423 S 56 52147 58 61420
7 4 28 37 60 5 26 27 59 6 19 59
8 533157 6229 55 62446
9 51151 50 612 25 45 7 2 32

ἱ-*ὶ-*μ
tor-³0
00³0·
Ν Ν
0⁴le
ὢυιω
(βψ-4·-
Ξᾶὲἓὲ
κῐκιοκ
mmm
‹bv-‹0-
›-‹ 4*-
CDQOO
’ΞΕ-9
xxxx
Νι-
00⁴2
(μμ-ι
xro-¹

  
  
  
  
  
  
  
  
    
 
  

9 81427
13 7716 5 81351 3 9052
14 72651 Ο 9 030 o 917 28
15 8ῐόζόΙ O 9178 21049
15 9 0 7 4 10 342 8 10 ²043

17 9 15 34 12 10 19 57 18 11 7 13
18 10 3 1 24 11 5 26 30 1123 13
19 10 Ι7 9 36 1119 6 43 0 7 56
20 10 29 16 49 11 29 37 53 0 20 16
21 11 4 29 59 0 5 58 59 0 28 45
22 1112 31 60 010 34 59 1 4 0
23 1117 51 56 017 26 52 1 9 8
24 1126 48 44 0 28 17 41 117 50
25 o 9 34 34 1 12 9 28 2 0 20
25 0 24 29⁶ 22 127 45 16 215 9

 

 

 

 

