 

&aazia

 

 

 

aooeqowmazgzoto

323 27
λ110 2
4 2617
51151
5 25 37

6614

101014
10 26 46
111256
1125 5
01123

0218

 

 

17
29
42
52
59
59
53
42
28
18

Φ ω 0 ks) 00

 

 

 

9 22 59
Julius<
1010 37
10 27 16
11 13 50
0 0 22
016 (³
1 0 30
1 12 11
120 5
1 24 41

2 O 22

Argumentum lunae acquatussL

 

 

 

815 13
ὃ 25 38
9 917
9 24 45
10 11 1
10 27 35

1 1 14 14
Augustus*

0044

017 25
1 3 36
1 13 55

2213

7 48
π 14 ⁶3
0 1 31

 

31

 

(12731

10 23 5
11 14 35
0 1 13
O 17 52
1 4 29

September
I 20 55

2 21 IO

34

14

38
50
57
60
56
46
33
21
1 1

ς) 25 26
10 () 5
10 ὁ 20
10 16 30
11 0 1
11 15 25
0 1 33
O 13 12
1 4 51

12030

October

⁷ ι <21 .1-. ,μ 4- 4- ‘aa
a)
O

ί) 13 25

 

ΦΜΦΝΦ

 

 

 

