 

 

(5 1 verso)

Aequatio lunae. (169 verso)

 

 

 

0 5 10 15 0 25 30 35 40 45 30 55 60
π’-ῄῄῄῄῄῇ-’ψ--ῇῇ
2 z ε’ g m gv g ἔπι em

Gradus

1 328 318 3 7 257 247 236 226 215 2 5 154 144 133 123
2 325 315 34 254 243 233 222 212 21151140 130 119
3 323 312 3 2 251 240 230 219 28158 147 137 126 115
4 320 39 259 248 237 227 2,16 25 155 144 133 122111
5 318 37 257 245 234 224 213 22151 140129 11818
6 315 3 4 253 242 231 221 210 159 148 137 ¹126 115 1 4
7 313 3 2 251240 229 v218 2 7 155 145 134123 112 1 1
8 310 30 249 238 220 215 2141531142 131120 19 057
9ν 35 257 246 234 223 212 21 150138 127110 15 053
10 3 6 255 244 232 221 210 158 147 135 124 113 1 2 050
11 3 4 253 241 230 2 18 2 7 155 144 132 121 10 058 >047

ἴ)
0⁴³
Ν
Ν
Ξ

 

Ι
239 228 216 24 153 141130 11817 055 044
Ι

’ὦ
N
L&
N
0³³0

236 224 213 21 150 138126 115 4052 040

 

233 222 210 159147 130 124 11211049 037

Ξ
Ν
(ἒ
Ν
3

231220 Ὗ 156145 133121 1 9 058 046 034

’ἰῆ
ω
ω

2
229 218 2

5
ζ’.
to

154143 131110 1 7 054 043 032

 

 

ς
6

17 5 240 228 216 24 152140 128 116 14 052 040 029
18 50 238 220 214 2 2 150 133 127 114 1 2 050 038 027
19 40 2 37 2 ⁷²> 2 13 2 1 1 48 1 30 1 24 1 12 1 0 0 48 Ο 36 0 24
20 48 2 36 2 24 2 12 2 0 1 48 1 34 1 23 1 10 O 58 0 46 O 34 0 22
21 2 47 2 35 2 23 2 10 1 58 1 46 1 33 1 21 1 9 0 56 0 44 O 32 ο 20
22 Δ»15 2 33 1 2 8 150 1 44 131 1 19 1 7 0 54 0 42 o 30 ο 17
23 2 -Η 2 32 219 2 7 154 1 42 129 1 17 1 5 O 52⁷ 0 40 0 27 0 15
24 243 230 218 2 5 153 140 128 115 1 3 050 038 025 012
25 2 42 2 29 217 2 4 151 1 39 126 1 13 1 1 Ο 48 0 36 O 23 o 10
26 242 228 216 2 3 150 137 124 112 059 046 034 021 0 9’
27 2 41 2 28 215 2 2 149 1 36 124 1 11 0 58 045 0 33 Ο 19 0 7
28 241227 215 22149 136 123110 057 044 031018 06
29 210 227 214 21 148 135122 19 056 043 030 017 04

2-10 227 214 21 148 135 122 19 056 043 030 017 04

¹ 2

 

 

3210026

