(23 recta) - Tabula Solis Tertia.

 

 

 

 

 

 

 

 

 

 

 

 

 

01:101, x venam- December γαπ, Feb uuuuuu
ἒ Virg Lib Scorpius Sagen Cap rrrrrrrr Aq aaaaaaa
Ξ g m g ² ξ m 2 g 2 g m 2 r 2
Z
1 14 49 43 14 26 39 15 34 46 16 4 22 17 40 46 19 7 49
2 15 «48 19 15 26 29 16 35 42 17 5 40 18 42 14 20 8 12
3 ’ 16 46 54 16 26- 19 17 36 38 18 6 57 ις 13 42 21 8 35
4 17 45 30 17 26 9 18 37 34 19 8 15 20 45 10 22 8 58
5 18 44 5 18 25 58 19 38 30 20 9 33 2146 39 23 9 21
6 19· 43 18 19 25 57 20 39 20 21 10 49 22 47 43 24 9 35
,7 2ο 42 32 v 20 25 55 214012 22 12 4 23 48 46 25 9 50
8 21 41 46 21 25 53 22 41 3 23 13 19 24 49 49 26 10 5
9 22 41 0 22 25 52 23 4154 24 14 34 25 50 51 27 10 20
10 23 40 13 23 25 50 24 42 46 25 15 50 26 51 55 28 10 35
11 24 39 0 24 25 59 25 43 42 26 17 5 27 52 51 2910 39
12 2‚5 37 46 25 26 8 26 44 38 27 18 19 28 53 47 01²1ng
13 26 36 35 26 26 17 27 45 33 28 19 34 23 54 43 1 10 46
14 27 35 21 27 26 26 28 46 26 29 2048 Oquggmsw 2 10 50
15 28 34 9 28 26 :35 ²? 517 ‚2³ 662262 1 56 33 3 10 53
16 29 33 25 29 26 51 6812116Υῇ ’1 23 18 2 57 24 4 10 55
17 0L5b—:a42 Seggms7 1 49 58 2 24 32 3 58 12 5 10 56
18 13158 12713 25116 32547 459 Ο 61057
19 2 31 14 2 27 39 3 52 33 4 27 1 5 59 49 7 10 58
2ο 3 30 31 3 27 56 4 53 51 5 28 16 7 0 37 8 10 59
21 4309 42824 5550 62929 3123 91035
22 52948 52851 65610 73043 928 101011
23 629 27 62918 757 20 83155 10 253 11 947
24 7296 72945 85830 9339 11338 12 922
25 8 28 54 8 30 13 9 59 39 10 34 23 12 4 24 13 8 57
26 928 21 930 49 11 020 113512 13 454 14 828
27 10 27 58 10 3125 12 1 1 12 36 1 14 5 24 15 8 Ο

28 11 27 35 11 32 1 13 142 13 36 50 15 5 54 16 7 32
29 12 27 12 12 32 37 14 2 24 14 37 39 16 6 24 17 7 4
30 13 26 39 13 33 14 15 3 5 15 38 28 17 6 55

 

31 143351 163917 18725

 

 

924726

