Argumentum lunae adaequatum. (29 vem)

 

 

 

 

 

 

 

 

 

 

 

 

 

Ν <⁸ Ξ ἒ Ξ ,Ξ
”--““ Ξ ———‘ ἒ “——' Ξ ᾕ- ξ ’ἑ Ξ
Dic 14 ξ 13 ξ 12 -ἓ 11 ξ 1ο Ξ 9 ξ

Ξ ἓ Ξ - g- Ξ 8.

Ξ. Ξ Ξ a ἓ Ξ

Au t :a Sept 1 5 Octob Ξ Nov 1 g D eeeee ber ἓ J aaaaaaaaa Ξ

Ε Ξ Ξ Ξ Ξ Ε

g m ‘r ἕ ἕ ἕ

54 2 738 3 62430 1 72815 ·3 81516 1 91353 3
3 '0 37 7 24 <J 11 - 7 1114 7 814 27 11 4 2 51 ὃ 10 5 25 10Ι
6 6 54 16 1013 22 7 27 35 16 9 0 48 21 9 1814 15 10 21 33 201

6

6

7

6 22 33 28 7 25 9 34 8 1315 27 915 53 33 10 3 58 27 11 6 40 32

8 7 52 47 8 27 17 40 9 28 50 46 10 18 16 40 11 19 47 45

8 16 51 56 9 8 20 53 10 8 4 56 10 29 23 52 11 29 16 55·
8 2210 60 915 24 58 1013 33 60 11 6 43 58 0 4 57 60l

7 28 43 59 3 27 9 57 9 20 3 59 10 18 27 57 11 11 23 59 0 9 42 58¹

8 5 11 54 9 5 25 49 9 26 18 54 10 26” 27 50 11 17 25 55 017 28 511

815 35 43 917 32 36 10 6 28 44 11 8 20 38 11 27 21 45 0 29 9 38

82915 30 10 2 3 24 101959 30 1122 50 24 01044 31 113 23 25

 

9 14 43 18 ’ 1018 6 12 11 5 23 18 O 8 44 14 0 26 3 19 1 29 23 15

 

 

 

 

 

 

J13 10 0 59 8 11 4 33 4 1121 36 9 0 1 5 1 914 9 2 15 48 5¹
{14 1017 33 2 112111 O 0 810 2 1 1147 Ο 128 47 3 3 224 1
,15 11 412 Ο 0 750 0 02449 0 12827 0 21526 0 319 5 0
116 112042 2 02427 5 11028 2 15 3 4 , 4 2 « 4 539 4
’17 o 7 23 9 110 53 14 128 0 9 3 0 30 12 318 38 8 4 21 9 12
118 0 23 34 19 124 47 24 21414 18 31727, 24 4 4 53 18 5 8 9 23
’19 1 8 53 31 2 11 17 38 229 37 30 4 2 5 36 4 20 22 30 5 22 52 35
(20 12216 44 2 23 ’11 50 319 9 44 414 11 49 ’5 4 2 43 6 512 49Ι
121 2 213 55 3 130 57 3 3 0 54 4 19 25 59 514 33 53 6 13 43 57
Γ’22 2 8 14 59 3 6 5 60 3 29 37 59 4 27 27 60 5 20 54 59 6 18 56 60·
123 2 12 54 58 31120 56 4 7 12 58 5 .2 47 56 5 25 30 59 6 24 2 56
24 2 2015 52 3 20 48 46 411 18 52 5 1143 47 6 2 22 52 7 2 46 48:
η25 3 1 30 40 4 3 43 33 4 22 21 47 5 24 30 34 6 13 13 41 7 15 16 35Ι
326 3 15 39 27 41845 21 5 6 5 25 6 9 5 22 6 7 5 28 8 015 -22
f27 4 1 23 15 5 4 50 11 6 16 1 25 28 11 7 12 41 16 816 6 12Ι
L28 41746 6 515 3 6 823 7 71159 4 229 o 7 9 323 4=
29 5 421 1 6 759 0 62458 1 72835 0 81534 2 91917 0
ξ30 5211 O 71138 O . 9215 Ο

 

 

