Argumentum lunae aequatum

(1 52 verso)

 

 

 

 

 

 

 

 

 

 

 

 

 

 

 

 

 

 

1- κ ⁴ Fe 111 <³ ff Feria 111 ω ver 1v ⁸ 1 11
4 ἕ Dio 20 20 g 18 Ξ 17 Ξ 16 »Ξ- 15
1 ξ ,lunius Ξ 11111 ἓ xugust ἓ 521»oe b Ξ οηιοιι {⁴ N ooooo ber
g “¹ ἕ ἕ
1 ⁸* η 44 2 9 2918 Ο 1016 22 2 11 19 57 4 0 6 58 2 1 10 34
2 11 18 9 1015 49 12 11 2 56 8 0 6 s 12 o 3 34 7 127 5
3 Q ὃ 33 18 11 146 23 111912 18 o 22 26 23 1 9 51 17 2 13 8
'4 101357 30 111623 36 0 440 30 1 711 35 1 25 25 28 227 38
5 10 7 59 44 11 28 31 49 0 18 23 43 1 19 33 48 1012 42 3 10 33
6 11 6 52 54 0 6 51 57 0 8 49 53 1 8 6 57 19 54, 52 319 22
7 11 14 0 59 0 11 52 60 1 517 59 318 60 26 37 59 3 24 25
8 1118 14 58 01710 56 1 9 53 59 8 6 3 56 3 111 49 3 29 40
9 11 η 40 52 026 6 47 11643 52 17 6 48 3 7 48 43 4 8 6
10 0 6 40 40 1 8 48 34 1 7 31 41 2 9 ,η 35 3 18 32 417 20
11 0 21) 44 27 1 23 38 22 11 23 28 , 14 22 22 4 7 29 5 5 0
12 1Ju¹¹6¹szo 17 2 9 46 11 2 27 0 16 4 0 24 12 4 17 38 17 5 21 2
13 1 22 40 7 xu{ugmls5 4 3 13 17 8 4 16 54 4 5 3 53 8 6 7 26
14 10 43 Ο 3 13 53 0 3 29 53 2 5 3 30 0 5 20 29 2 6 24· 6
15 2 25 53 O 3 29 33 1 {pflessbZS 0 ςοςὲἒπκ) 1 6 7 8 0 7 10 47
16 31⁷3 3 4169 6 5312 3 6646 6 62345 3 72721
1⁷ 329 1 10 ³ ο 31 15 2 19 42 10 ὁ 3 0 15 {¹⁰3⁶‹3'b3‘9 9 {³²3⁶}b3‘7
18 4 15 10 21 7 18 15 27 6 5 43 20 7 8 58 25 7 26 29 20 b 29 39
19 01013 32 6 28 39 6 ο 59 33 7 2317 39 81144 32 914 0
20 51311 46 613 45 52 7 4 6 44 8 4 48 51 8 25 1 45 9 25 51
21 5 ³⁹ 26 56 6 21 9 58 713 39 55 8 12 26 58 c) 4 51 55 10 3 42
22 5 s 58 60 6 25 47 60 7 19 5 60 8 17 8 60 9 10 42 60 10 8 31
123 6 2 51 57 7 1 46 55 7 24 6 58 8 22 55 55 915 24 58 1014 7
,24 6 10 49 50 7 11 39 45 8 1 5ο 51 9 32 45 9 22 53 52 10 23 31
25 (¹ θ’ 39 38 25 0 31 8 13 28 35 915 48 32 10 417 39 11 6-15
{26 1 s ὅ 25 8 10 20 19 8 7 50 25 10 0 59 20 1018 36 27 11 21 39 ”
’127 123 1 14 8 26 ,1 9 913 42 15 1017 8 10 111418 15 0 7 46
28 8 928 5 913 4 3 10 0 5 5 11 Ἰ41 3 112042 6 02418
29 S 26 8 O 9 29 43 O 1016 41 1 11 2118 0 0 918 1 110 55
30 912 44 Ο 111321 O 02358 O . . . ,ἱ

 

 

 

