<61 recto) Tabula proportionis

 

12

14
15
16

 

17

1)e 10 in 10

0 6 31
0 12 32
0 18 33
0 24 34
0 3ο 35
0 36 36
0 42 37
0 48 38
o 54 39
1 0 40
1 6 41
1 12 42
1 18 43
1 24 44
1 30 45
1 36 46
1 42 47
1 48 48
1 54 49
2 0 50
2 6 51
2 12 52
2 18 53
2 24 54
2 30 55
2 36 56
2 42 57
2 48 58
2 54 59
3 0 60

324

342
348
354

4 0

4 12
4 18
4 24

430

Tabula proportionis

Ooeqffifflnbmmb*

ι-*μ
μῦ

12
13
14
15
16
17

30

0 12 31
0 24 32
0 36 33
0 48 34
1 0 35
1 12 36
1 24 37
1 36 38
1 48 39
2 0 40
2 12 41
2 24 42
2 36 43
2 48 44
3 0 45
3 12 46
3 24 47
3 36 48
3 48 49
4 0 50
4 12 51
4 24 52
4 36 53
448 54
5 o 55
5 12 56
5 24 57
5 36 58
5 48 59
6 0 60

 

7 12

024

10 0
10 12
10 24
10 36
10 48
11 0
11 12
11 24
11 36
11 48

12 O

Tabula proportionis

 

 

 

g
1 0 10 31 5 10
2 0 20 32 5 20
3 0 30 33 5 30
4 o 40 34 5 40
5 0 50 35 o 50
6 1 0 36 6 0
7 1 10 37 6 10
8 1 20 38 6 20
9 1 30 39 6 30
10 1 4ο 40 6 40
11 1 50 41 6 50
12 2 0 42 7 o
13 2 10 43 7 10
14 2 20 44 7 20
15 2 30 45 7 30
16 40 46 7 40
17 50 47 7 50
18 3 0 48 8 0
19 3 10 49 8 10
20 3 20 50 8 20
21 3 3ο 51 8 3ο
22 3 40 52 ὃ 40
23 3 50 53 8 50
24 4 0 54 9 0
25 4 10 55 9 ¹0
26 4 20 56 9 20
27 4 30 57 0 30
28 4 40 58 o 40
29 ·4 50 59 9 50
30 5 0 60 10 0

 

 

