 

 

 

Feria 1 Feria 111 Ferin IV Feria VI Feria VH Feria 11

 

 

 

 

 

 

 

 

 

 

 

 

 

 

ea ι’ ,ἕ “ ,Ξ
2 Die 16 15 -ξ 16 -Ξ 15 ξ 14 Ξ 13
2 a Ξ. 2- 2
Ξ Β Ε Ξ Ξ
c. ς. n. n. a.
januarius ω Feb rrrrrrrr a Ma Ξ Αρῃιχς Ξ Ma Ξ 'Iunius
——-— Ξ ’ΣΞ- Ξ ξ g
ἕ

6 29 54 2 3 3 30 4 S 19 51 2 9 24 S 8 1018 8 1 1114 44
7 16 29 8 8 20 0 12 9 7 6 7 1010 38 11 10 27 44 7 o 1 16
7 29 46 17 9 3 1 23 9 23 24 15 10 26 41 22 11 14 3 16 017 21

81816 29 92047 35 10 859 28 111135 34 112943 27 1 220

912 31 53 ¹101153 57 11 337 52 0 3 8 56 024 40 52 124 21

 

919 6 59 10171 60 111025 59 0 821 60 1141 59 12948

617 59 2 443

1

2

3

4

5 9159 43 10 315 48 1022 51 41 112414 47 01341 40 11511
6

'7

8 92240 59 1022 25 57 111457 59 013 23 57

9

1
2147 49 1 12 48 54 212 48
1

10 0 25 52 10 0 24 48 11 2131 53 0
10 1011 7 48 111311 38 0 0 43 1 358 36 . 22 42 43 224 46
[1 10 25Ι 3 28 1126 56 23 015 42 29 118 36 23 2 5 26 30 3 919
12 11 9 37 16 01357 12 1 111 18 2 4 36 12 218 52 18 3 2513
[3 112650 7 1027 4 11828 8 2213 4 385 9 41141
[4 01323 2 1173 Ο 2411 2 3739 Ο 32440 2 42817
[5 105 O 2343 1 21742 0 32419 Ο 41118 Ο 51455
[6 11641 1 22038 5 3713 3 41055 5 42757 2 6151
17 2 315 10 3 ὁ 43 15 3 23 52 9 4 27 21 14 514 30 9 ὁ 17 59
18 2 2014 20 , 3 22 32 25 4 10 2 19 5 13 14 25 6 0 42 18 7 3 55

19 3 4 34 32 4 6 53 35 4 25 10 31 5 27 42 38 6 16 5 31 7 18 30
20 317 45 45 412 30 51 5 8 44 44 6 9 32 50 6 29 33 44 S 0 30
21 3 27 23 55 4 2612 58 5 18 32 55 6 17 36 57 7 9 46 54 8 8 44

4 3 8 60 5 0 55 60 5 24 30 59 6 22 20 60 7 15 50 58 8 13 42

4 8 3 58 5 6 39 55 5 29 10 58 6 27 52 55 7 20 28 58 8 19 4
51615 45 6 635 52 7 711 46 727 39 52 828 9
4 27 6 39 5 29 23 32 617 54 39 7 2ο 9 33 S 8 46 40 9 18 55

 

ὃῇἶὲθὲῢ
51¹

5724 27 61433 20 727 27 8512 21 82254 27 92522
27 5 2713 15 7 0 41 10 717 52 15 8 2119 6 9 8 30 16 101157

28 613 39 5 71713 3 8 4 55 6 9 7 51 3 9 24 52 6 10 28 27
29 7013 1 8 311 Ο 82044 1 92427 O 101125 1 1115 5
30 7 16 54 0 . . . . 9 513 O . . . . 10 28 7 O

 

§³61ae

