Incipit tabula in almanach perpetuum Mercurii (16 verso)
cuius reuolutio continet annos 46.

 

 

 

 

 

 

 

 

 

 

 

 

 

 

 

Ξ 1 300 1 3 4 5 ἒ m ¹300 l 2 3 4 5
Ξ ,Ξ Aries Aries A„ pisces Aquar Pisces ³ Ξ ἕ Virgo Virgo Virgo Libra Libra Virgo
’ἶ g m g m g m g ηι g g m ἓξ g g m g 11 g m g m g m

ΡΟὸκὸοι

26 45 814

sssss

4 25 17 18
12 27 27 9

Aries
21 '555 6 37

5 2331130 12422640
14 59 2330
15 26 20 40‘
1343 20 55
1034 23 5

842411

24 55 7 5O
3 {b 14 4
11 39 20 29
14 43 25 50
27 10 29 42

Seorp. Scorp.
415 1 4

2 16 9
2011
18 30

2195 4ῐὸ

Ῑ9 37
22 16 45
10 54

MARTIUS
SEPTEMBER

¹07

1831172211316 3

26 57

A
25Μ40 5 41
2 23 14 48
10 10 23 12

21 28

Libra

117 249

31772
2840
2551
24 1

23 3

821

Tenemus

APRILIS
OC TOBER

18 37 342

123

26 13

7 18 51010 4 3 10 15 8007ζο 9 45 2141
1014 53 331 925 5 59 17 11 Βεζὲιζὲ)

   
       

12 40

MAIUS

19 48

2 28 6
801ᾚὲίί
6 26

NOVEMBER

25 21 24 25 31
30 18 49 25 33
5 15 24 25 51

ΒαιἈὸσιι
10 12 12 2 14
15 11 14 8 17

2012 014162

1519
24 2
3 Ι3

2 1210

J U Nl HS
DE C EM BER

2515 44 QVI-⁶3

312241 326

20 53
ou56
5 ²09 44 12 23 27W4 S 43

10 C7p4'0 2038 4221535

aur Gemini ι
1 57 s
auru-5 q 10 56'ffl——ss
enum
19 44

m
Ξ 15 251124 18 59 18 7 10 1 ’Ξ 15 16 10 Agw 56 14 44 22 13 (3μίἶῖ 6 42
Ξ 20 01450 15 16 17 59 16 48 Ξ 20 2Λ4 50 10 21 23ss Η55 24 43 27 13 9 42
25 4 28 11 11 21 41 25Ᾰξό56 Ξ 25 guz) 19ἰε 2³4 ο 23 25 13 23 36 14 4
31 4 58 6 16 6 1 4 43 31 15 52 0 24 7 46 21 47 22 56 23 37
ιω Aquam,

5 4Λο9 5 b 2 4 13 30 5 235³? 7 31 11 47 17 22 2Α59ηα42 1 41

10 29 10 6 1 11 14 2ι3ίνέ7 10 4 16 16 32 13 16 12 27 o 55 1ο 35

15 24581111 1813 12⁰6
202310 17 59 Γνιο

1211 10 47 8 41 19 43
8 3 1139 15 33 0 10
2 58 15 14 24 1 8 14
0 91942 29 41344

15 13 38 23 15

20 22 26 27 10
Aries Artes
25 0 26 O 46

ji UG U S TUS
FEBRUARJUS

 

28 456113

 

 

 

 

 

