 

 

κο ω <¹ Φ ΟΊ ιβ ω 10 »d ⁶

oeaessffigzaezgassasszz

 

<11 »ἡ 00 -ῐ-’ᾱ O Χ] 00
..ι
<aa

1042

 

 

 

 

310

7 Ι9
11 29

27
50

Ι3

 

ῳ4όψε

 

 

52
53
54
55
56
57
58

‘59

60
61
62
63

65
66
67
68
69
70
71
72
73
74
75
76

 

Medius cursus Lunae in annis collectis.

(24 verso)

 

MN

 

2 4513

10

Ι9

10 12

221

11 10

21

23

12

14

3
7
o
4 12
9
1 14
5 23

225
75

*18 40

31 24
54 2
27 11
—49 48
12 24

350

2 30 48

53 25
16

49 10
10 45!

34 21
30 6

15 16
37 52
11 Ι
33 36

56 Ι3

5Ῑ 59

14 12

 

 

1

