 

Umqwffluboembd

ἃὲἕιῧὲἓὲῧᾶίἳὸῧιξῦῦἰξ

 

’ᾶέῑέιὲ

 

“zi—¹8

1 111111 VII a

Dic 30 ἓ

g Ξ
5 19 44 3
0 616 11
ἐπῶν] 21
7 7 0 34
7 2011’ 44
7 29 21 56
8 4 48 60
S 9 43 57
8 17 48 50
8 29 47 47
9 14 19 24
10 O 13 13
10 16 41 5
11 317 0
11 19 55 Ο
0 6 51 5
0 53 13
1 8 56 24
1 3 36 36
2 5 O 49
2 13 44 57
⁹ 19 4 60
4 1 56
3 3 9 46
3 15 55 34

4 0 52 22 ⁷⁷

4 16 57 11
5 3 ⁹7 3
5 20 5 0
6 6 45 1

 

 

 

 

 

6 23 20
7 9 42
Julius
7 29 25
8 9 22
8 20 44
8 27 2
9 2 38
9 8 52
9 18 45
10 2 10

1017 31

11343

112035

0655
03333
1107
12622
21149
22526
3545
31210
31646
3

4439
41832
5410

5 20 20

Argumentum lunae aequatum.

40
52
58
59
55

31
19

ωΝΟΝκΟ

18
30

50
59
59
48
28
16

ωΦΝκ]

 

 

 

Feri-a. 111 ’Ξ Feria V
28 '2 27
Julius Σ Augustus
ξ m

7 0 27 3 813 58
7 26 54 10 9 0 21
313 1 21 916 4
9 28 8 33 10 0 23
911 9 46 10 1149

September

9 20 33 55 10 1917

92612 60 10 23 57

10 058 57 102950„

10 8 50 50 11 9 33
10 20 35 38 11 22 56
11 5 0 25 0 811
11 20 51 14 024 21
0 718 5 110 54
0 23 53 1 12¹7 32
110 34 O 2 1411
12710 4 3 0 48
213 37 12 317 2
229 37 23 4 233
31418 36 4 1618
326 33 48 42642

450 57 5335

4 15 19 γ56 5 14 32
4 24 5 49 5 25 28
5 6 43 {35 6 916

5 2133 122 6 24 28

 

(1735 11 7116
02425 ,4 72141

71042Ὀ 81421

 

Ξ

‘2
ἓ
Ξ
0.
u

6
15
27
39
52
58

60
55

45
32
20

9
3
0
2
8

17
29
42
53
59
59
52
43
35
10

8

2

Ο

 

 

9 059
917 32
10 340
101852

1124

111146,

October
1 1 1 7 45

11 22 15
112952
Γ01124
02542
11130
12754
21430
3111
371646
4416
41959
555
5185
52631
6122
6634
6156
62730
71213
72813
81432
9118

91759

Ε Fer 1
,Ξ
'333 25
Ξ
g m
3 10 4 34
10 10 20 59
20 11 6 35
32 11 21 12
42 o 2 50
55 010 34
60 0 15 19
November
58 ο 20 59
51 1 0 34
39 1 13 49
27 1 28 50
15 2 14 58
6 3 131
1 3 15 10
O 4 4 50
4 4 21 23
12 5 7 40
28 5 23 17
35 6 7 o
45 6 17 57
55 6 24 48
60 6 29 22
57 7 5 5
48 7 16 53
35 8 0 0
23 8 15 57 ’
12 9 2 44
4 9 18 18
Ο 10 4 58
1

 

 

(1 5 4 verso)

 

