(14 recto) , Tabula Martis.

 

 

  

 

    
   
      
  
  
    
          

 

 

 

 

 

 

 

 

 

 

 

 

 

 

 

 

 

 

 

 

 

 

 

 

 

 

 

 

 

 

 

 

 

 

 

 

 

 

 

 

 

 

 

 

 

 

 

 

 

       
     
      
     
   
  
    

 

 

 

 

 

 

 

 

 

 

 

 

 

4 48 49 50 51 52 53 54 55 56 57 58 59
Ξ ἒ Leo Pisces Virgo Aries Sem. Aries sagitt T uuuuu capric. Tam ιε eapse, Gemini
ngmgmgmg gmgmg‘gmfz gmgmgm
z
w 10 2 32 2Ᾱ4ηέ45 13 2 9 15 4 29 31412νί3 11 34 9 1 7 32 224W3⁸1 24 15 10 4
’Ξ 20 2 34 2 :21 ll 12 16 38 4 5Ι 1 45 Ι5 5¹ 15 5Ι 14 25 Ο 42 4q 3.8 15 33
Σ 31 5 40 1ο 12 7 37 26 43 1 22 9 28 20 10 23 5 2017 7 28 12 52 21 37
10 9 4 18 9 6 46 1T⁰Wgs6 28,ὂὲ 16 29 23 24 29 .5.² 27 “¹51 13 51 20 24 27η 25
’Ξ 20 12 15 28 59 7 45 9 29 24 21 237¹ 14 26 5 6ηη2η5 4εἴ 15 19 56 215 7 3
τ’ 30 15 22 {augg 8 42 16 12 20 8 0m1‘2 27 31 12 55 10 37 26 9 §.agl 9 6
10 20 33 9 32 11 23 2311117 18 17 6 54 27 28 19 44 15 47 {ancezro 11 12 14 33
20 257 933 17 9 15 10 0 '¹¹36 17 31 12 43 25 57 25 55 22 31 8 40 20 2 20 54
31 Ἰν ⁶⁷⁰0 2514 19 31 7 53 18 2121 0 24 6 3 lllll 6 28 29 15 42 2755 27 34
ἓ 10 6 38 ιθὝῐ 23 57 14 38 21 13 ²00⁷an 23 13 9 28 ζωῇ 19 52 sne-{4 3L‘42
Ξ 2ο 12 13 8 31 2ὶ9ὤγέ1 21 14 23 24 4 14 2043 15 46 7 47 28ἑίοό 1134 9 53
30 17 47 15 22 4 35 28 4 27 22 10 3 15 24 22 19 12 7 4 31 18 6 16 4
10 24 14 22 1 10 27 ξυηεῖό ῗοψὲξ 18 9 15 2 28 42 13 45 10 56 23 49 22 24
Ξ 20 01„ 30 28η :44 16 35 10 56 7 14 26 ω36 15 16 5 1 14 30 16 18 29 54 28 46
31 7 55 5 ”⁶46 23 20 18 13 13 30 OL 54 18 2 12 5 13 43 24 9 5⁰W450 5V 4⁰5

 

 

 

 

 

 

 

 

 

 

 

 

 

       

 

 

 

 

 

 

 

 

 

 

 

 

 

   
        
         
   
    
     
    
     
     
     

 

 

 

 

 

 

 

 

 

 

 

 

 

 

 

 

 

 

 

 

 

 

 

 

 

 

       

 

 

 

 

 

 

 

 

 

 

 

 

 

 

 

 

 

 

 

 

 

 

 

 

 

 

 

 

 

 

 

 

 

 

 

 

 

 

 

      
       

 

ἓ 10 14 33 16 48 29ο 58 24 025 19 35 7 21 20 55 18 29 12 1 OVnggz 9 59 12 26

Ξ 20 21 1 21 28 6 45 0 m56 26 24 1317 24 55 24 ἕ49 9 2 6 59 12 58 18 54

ἵ 31 29 50 29 6 14 50 8 2 ΞΉὲζ1 20 25 021 1V 52 5 44 14 13 17 39 26 4

scorp. Leo Libra

ἲ 10 4 52 1 3 2115 14 56 10 6 26. 8 5 44 8 44 3 29 20 37 20 32 3 40

Ξ 20 12 57 7 4 28 31 20 7 18 5 2V ⁶43 11 41 14 33 2 25 26, 47 19 53 9 24

‘¹⁷ 30 2ο 12 12 49 ἔᾘὲἕ8 25 48 24 20 9 18 18 11 20 54 3 7 3ὶὼ4ι5 18 36 15 49

ἒ 1ο 237ffl35 18 29 13 18 ιν. ⁵:5⁰2 ῗμῖὲ, 16 28 2443111158 2L7ffin35 4 53 10 15 17 21 ξέφῗαγς

ξ 20 4 55 23 59 20 1 7 50 1011 22 6 3 25 3 49 6 50 1711 13 3 0 23

0 31 13 22 29 38 28 33¹ 14 7 17 28 27 40 9 9 10 50 11 29 24 28 7 39 7 42
Virgo ca apra. s ra Sco οφ.

10 20 51 4 35 6 44 19 45 2q4 46 4 53 16 16 16 32 15 56 1 8 4 31 13 45

ἓ 20 28ρ 17 9 10 14 27 2L5b14 2q 34 10 11 2132356 23ο 39 20 36 8 4 4 30 22 1

30 pr16 13 36 22 7 0 51Ι 1016 1613 0 3 0 31 25 32 14 58 4 55 29 7

Ξ 10 13 55 17 20 29 58 5 47 17 55 ,2 8 7 7 6 55 1Ams1 21 58 5 21 8118ιὲ4

ξ 20 2137 21 26 7q16 10 47 25 43 28 7 13 53 12 20 5 31 28 ,57 6 26 13 32

ἦ 31 squar. 20 23 22 16 21 15 55 §.⁵034 48⁶⁰ ’ἑὸ 21 53 20 19 13 0 gapt& 9 21 21 58

3 10 8 31 24 40 2417 20 22 11 28 10 46 2Α847 257¹ 8 18 49 13 57 12 53 ²09 29

20 ¹6 0 25 20 1PM54 24 12 18 52 15 56 4 Μ42 ᾆαὲαὲέ 24 49 21 8 16 29 7⁶pm4

ἑ 31 24 35 25 19 10 28 28 21 27 4 22 1 13 22 11 18 {murgi 29 3 21 44 15 25
Pisces storp. Ana-s capric.

2 30 23 59 1 6 4 27 29134 20 9 18 2 7 28 6 1 {gul-5¹⁴2 53111173

ἓ 20 10 5 20 27 2,· 2 55 11 42 5413.ss 26 56 24 43 13 3213 58 1 40 0] 44

mx 4 7 17 28 6 42 {dmg} gaprgc} 17 19 20 36 4 55 7 1⁴5

 

 

 

 

 

 

 

 

 

 

4425ae

