’ὃ
ἒ
ἢ
ἓ
ν

Incipit tabula inalmanach perpetuum Saturni continens annos 50.

 

 

 

 

 

 

 

 

 

 

 

 

 

 

 

 

 

 

 

 

 

 

 

 

 

 

 

 

 

 

 

 

 

 

 

 

 

 

 

 

 

 

 

 

 

 

 

 

 

 

 

 

 

 

 

 

 

 

 

 

    
         
  

 

 

 

 

 

 

 

 

 

 

 

 

 

 

 

 

 

 

 

 

 

 

 

 

 

 

 

 

 

 

 

 

 

 

 

 

 

 

 

 

 

 

 

 

 

 

 

 

 

 

 

 

 

 

 

 

 

 

 

 

 

 

 

 

 

 

 

 

 

 

 

 

 

 

 

 

 

 

 

 

 

 

 

 

 

 

 

 

 

 

 

 

 

 

 

 

 

 

 

 

 

 

 

 

 

 

 

 

 

 

 

 

 

 

 

 

ξ 1300 1 2 3 4 5 6 7 8 9 10 11 Ι
Ξ ἕ ιω Leo Virgo Virgo Lim Libra mern Scorpius Sorptus Sagm s tna ma
ἒ g ¹¹· a: m g 1· 2 m g 111 1: ..2 m 2
m 10 7 .7 21 10 5 6 18 39 2 14 15 15 27 39 9 54 21 40 3 15 14 23 25 25
Ξ 20 6 48 20 38 4 23 18 6 1 9 14 21 27 3 9 42 21 18 2 53 14 26 25 39
*⁴ 31 6 40 2013 3 44 1711 o 29 13 28 2613 8 42 2ο 49 42 14 27 25 45
Ἠ 10 6 42 20 o 3 21 16 35 2‘3‘33'5 12 40 2524 7 51) 2ο 2 2 13 13 53 25 33
Ξ 20 6 57 19 50 3 3 16 6 29 11 11 55 24 35 7 10 19 18 1 34 13 31 25 19
Ι 30 7 23 20 10 2 59 15 50 28 30 11 23 23 51 6 21 18 31 0 50 12 55' 24 42
Ι10 7 59 20 30 3 5 15 45 28 16 10 45 23 11 5 25 17 44 O '8 12 15 24 8
,Ξ 2ο 8 42 21 1 3 21 1542 28 4 1019 2234 4 46 17 2 {3⁹¹1} 1129 2337
31 9 40 21 47 3 51 15 59 28 5 10 11 22 11 4 16 16 14- 28 32 10 30 22 47
ἢ 10 10 39 22 36 4' 20 16 21 2815 10 3 2158 3 50 15 48 27 49 9 51 22 2
’ἐ 20 11 45 23 32 5 14 16 52 28 40 10 16 21 53 3 36 15 14 27 12 9 18 21 16
30 12 55 ’24 34 6 8 17 41 29 13 10 34 21 58 3 29 14 58 26 421 8 31 20 30
10 14 8ι 25 44 7 8 18 3οῗ 29 51 11 2 2216 3 32 14 47 26 25 8 2 19 52
’Ξ 20 15 25 26 54 8 15 19 36 0le121 11 42 22 41 3 46 14 56 26 15 7 41 19 21
s 31 16 52 2814 9 24 20 36 1 40 12 30 23 22 4 12 15 11 26 17 31 18 56
¹2 10 18 5 29, 33 10 41 21 43 2 42 13 22Ι 24 7 4 48 15 9 26 27 7 30 18 41
{0 20 19 23 ohrgjq 11 57 22 52 3 47 14 23 25 2 5 28 16 26 4 7 39 18 48
ἵ 31 20 49 2 15 ¹3 22 2411 5 4, 15 54 26 0 6 ⁷4 16 w 27 -s l 57 1³³ 40
Ξ 10 21 5ο 3 28 14 48 25 30 6 15 16 49 27 3 7 21 17 41 28 5 8 33 19 >x
ΒΞ 20 23 6 4 38 15 52 26 47 7 31 17 52 2819 8 24 18 37 28 45 9 1 19 34
⁰⁷⁰ 30 24 7 5 42 17 3 28 0 8 46 19 6 29 19 9 28 19 40 29 28 10 20 17
Scorpius bagmam
29 10 9 58 0 19 0 29 10 35 20 44 0 58 10 52 1 6
ξ 20 25 47 7 44 1914 omna 11 7 21 30 1 44 11 47 21 52 1 50 12 12 22 0
0 31 26 28 8 36 2015 1 28 12 21 46 3 2 13 6 23 9 3 s 1217 23 ⁷
Ξ 10 26 54 9 9 21 5 2 24 13 25 23 54 4 10 1418 24 2 4 16 1418 2416
Ξ 20 27 9 9 43 2125 3 18 14 20 24 55 5 23 15 28 25 33 3 28 15 18 2511
Z 30 27 13 10 , 22 18 3 57 1512 25 51 6 22, 16 3„ 26 45 6 41 1619 26 2:
ξ 10 27 8 10 13 22 28 4 38 15 55 26 46 7 21 17 38 27 51 7 50 17 41 27 33
ἓ 20 26 52 10 9 22 51 4 57 16 30 27 30 8 14 18 38 28 54 8 46 18 51 ς28ή105
q 30 26 21 9 53 22 53 5 10 16 51 28 11 9 1 19 36 29 58 10 7 20 10 gpk ζ
ἓ 10 25 41 9 35 22 48 5 13 17 10 28 34 9 37 20 22 ᾰέῃῃᾚές ¹1 6 21 5 1 9
Ξ 20 25 1 8 45 22 16 5 3 17 13 28 51 10 5 20 50 1 38 11 57 ,12 10 2 26
’ξ 31 24 9 8 11 21 41 4 43[ 17 4 28 58 10 25 21 30 2 18 12 57 25 s) 3 29,
ἒ 10 23 16 7 24 21 3 4 13 16 47 28 51 10 26 21 48 2 46 13 26] 23 54 4 19
Ξ 20 22 29 6 34 20 20 3 37 16 8 28 32 10 25 21 58 3 1 13 50} 24 37 5 ὅ
ἐ 28 21 29 5 51 19 39 2 58 15 43 28 13 10 9 21 53 3 12 14 12} 25 4 5 45

 

 

 

 

 

 

 

 

 

 

 

 

 

 

 

 

 

 

»12925

