(15 4 recto)

Argumentum lunae aequatum anno domini 1310.

 

Ooeqossvluhoekou

35:33535

 

22

 

3 17 31
3 24 6

32741

4425*

4167
5 10 3
5 15 37
6 1 50
6 18 23
7 5 5
7 21 41
8 8 15

9 9 34

10 2 23
10 S S
10 13 3
10 20 32
11 2 6
11 16 24
0 2 13
0 IS 38
1 5 3

1 21 54

7 22 3
8 843
S 25 38
9 1143
927 32
10 11 53
10 23 30
ΙΙ 112
11 5 55
ΙΙ ΙΙ 39
112115
O 4 23
0 19 33

1 5 41

1 22 13 ¹

Martiuz

2 S 51 (

2 25 31

 

 

60

 

10 15 0
11 0 10
1113 44
11 23 32
11 20 30
0 4 6
o 11 35
0 22 54
1 7 7
1 22 55
2 0 55

2 25 54

19
31

,10 15 55

 

7 23 37

8 26 3
9 12 39

9 29 19

11 2 21
11 18 14
0 2 42

0 14 32

1 12 11
125 9
2 10 12
2 26 19
3 12 51

3 29 27

 

4 16 S

 

 

 

&6924-

