Tabula Mercurii. Tabula Mercurii. (18 verso)

 

ἐ

   
  

 

28

Virgo
¹ U g ΙΙΙ

29

Libra

 

ἒ*-

k*
3¹¹0

Virgo Virgo

n· g m

MENSES
Dkes
MENSES
Dies

 

oq
oq

711 g g

 

 

 

 

 

 

 

 

 

 

 

 

 

    
  
   
    
    
     

510441842 237 814 2111 420

58511152612 855 656 Η
»ra

 

 

 

   

 

 

 

10 5 9 2142 6 2ο 16 9 544 452 0: 10 11 3 16 10 7 25 15 19 0 3 12 10

Ξ 1512 9 A} 10 16 13 2111 1 52 6 25 Ξ 15 9 44 15 59 13 9 23 40 8 37 19 24

Ξ 20.. 25 30 10 40 23 10 25 10 2265εὲ52 10 0 Ξ 20 6 38 18 20 20 52 2287188 16 42 26 23

25 grtes 1 20 36 To 1⁴6 24 24 23 49 16 5 82 25 3 55 22 23 28 b36 9 46 2850 ΥΡ3 50⁰ 59

31 16 30 28 18 7 48 22 4 24 18 24 30 30 3 16 27 51 61, 30 19 46 2⁰ 24 4 50

5 26 4 2882485 1159 1745 27 ,16 ‘¹⁰33 5 4 7 {4⁶31 15 3 27 59 910 8 4

10 7511‘27 16 46 13 21 13 55 2288281 11 8 10 7 10 4 48 2530 33 ⁵6⁰ p9 15 1 6 8

Ξ 15 14 40 23 27 12 48 11 59 916 20 24 Ξ 15 1155 19 39 2 ⁰25 14 3 19 25 3 44
Ξ 20 2213 2818 9 48 13 51 16 50 29 56 Ξ 20 18 1 26 58 10 58 21 26 21 55 L1ib 10 .

25 81282185 61822329 4 15 17 4 25 1 Τ92Μ187 0 25 ²540 42 6 18 19 29 26 54 22 48 219b 13
30 8 32 1 50 1 11 22 42 Tsjmg, 18 50 31 S4wp5 16 41 28 50 5482 225 21 11 29 38 ¹

Szmffgtt Scorp.

uuuuuuuuuuu ²'² GM„ ⁵ ¹² ¹5 ²550er 8 28 ⁷ 5³ 1⁸ 8 ¹ 4

1019 7 25 52 3 28 7 41 22 48 8 11 0: 10 20 21 4 3 13 34 9 39 23 47 5 18
ἓ 15 20 57 20 59 7 44 16 2 6228221828 16 34 Ξ 15 9113 12 13 20 20 9 34 14 36 10 47 4

Ξ 20 20 33 19 12 13 52 265 ¹4 11 45 25 19 Ξ 20 ς82722225 18 55 24 2 6 29 15 29 ’17 47
25 17 1 18 41 21 24 6422222227 21 11 σέηῑῖο ἒ 5 16 51 26 ¹59 27 35 52ο 49 18 46- 25 ,3 K

31 9 37 24 8 6122222381 13 58 ι2228281 11 32 30 5 2 5482253 26 59 289⁰ 28 24 58 82322222224

5 63878165 9 43 24 40 552 214 50822224 11 49

x 10 1146 13 23 20 53 214 7 43 20 31

(ἕ 15 9 48 15 21 {nm 54 13 44 2618 21 0 Ξ 15 19 1 14 38 15 58 6 11 15 49 2691469

Ξ 20 19 42 24 0 8 14 25 51 2242221 17 19 ἒ 20 5 8 13 53 15 46 11 57 24 17 8836
25 21 17 ⁶3⁶³}ss 17 49 1128222 6 18 11 52 0 25 29 49 10 14 17 37 17 35 egrici 16 36 Δ

30 2812 12 9 2719 9 6 7 34 7 59 31 Α282226 4 5 382128 27 14 11 28 12

c aaaaaa Leo Aquar.

5 7 22 21 28 611 15 6 6 28 5 33 2 27 21668858 23 22 6 31

10 16 8 023214 25 19 54 1 17 6 22 10 26887289 7 04872220 15 36 Azqugss 14 21

 

 

5714 29591024 25151321644
10 715 6628222429 19 31 inc—72 1914 19 48

5 14 1 52
3
Ξ 15 25L 15 10 14 19 43 23 58 25 56 9 57 Ξ 15 22 9 5 54 1152 25 6 1123 21 13
Ξ 20 418 22 18 47 29 23 24 0 23 47 15 31 ,Ξ 20 19 1 10 3 20 47 ’84282273 20 19 2614
25 13 32 27 Γ26 ι588703 21 51 23 37 22 31 88 5 18 16 16 49 29 49 14 2 26. 31 2628122131
31 24 16 6 5⁰1 9 14 15 35 26 4129 49 31 20 48 26 11 18188823 24 56 ι7288189 1 11
Vir go Leo ιω eapn‘c. Pu Aq
5 3 32 13 56 10 3 12 12 1 41 10 9 5 ἙΜ35Ι 4 50 19 27 8 53 13 19 27 7
10 11 38 19 41 8 32 11 19 8 13 17 22 υ, 10 7 9 14 0 28 53 12 28 16 23 22 55
ω 5 W
Ξ 15 19 35 23 2 4 52 12 35 15 42 27 3r⁰5¹ Ξ 1510 0 23 0 8 18 20 22 18 54 18 19
ἕ 20 26 35 25 38 OL 57 16 14 23 41 6 4⁰4 Ξ 20 16 32 A3qu4r6 17 28 27117 17 34 16 43
’8 25 2 41 25 22 26L 38 217. 19 ι1820851 15 35 Ξ 25 27⁴ 1 12 16 26 '13 2 54 14 3 17 28
31 817 2218 2618 ἓν*---Ξ--ο3 12 20 26 5 28 1222251 16 8 18211 639 10 3 19 7 .

 

 

 

 

 

94749(-

 

