Ὀ oe <1 0³ οι „13 ω N b·- Numerus e u

ωμμι-ιῖ-ιι-ιμι-ιμι-ιμ
Φῶωκῑσὶῢῖιρωωϋ-*Φ

21

 

 

...
υι
4³
4:-
ω

16 3 28
17 2 13
18 o 58
18 59 43
19 58 38
20 57 24
21 55 30
22 55 26
23 54 22
24 53 29
25 52 35
26 51 41
27 50 47
28 49 53
29 49 2

Libra
O 47 2 O

1 47 39
2 46 58
3 46 16
4 45 48
5 45 19
⁴6 44 50
7 44 21
S 43 53
9 43 26
10 42 59
11 42 32
12 42 5

13 41 38

'Tabula Sofis Secunda.

 

14 41 31
15 41 23
16 41 15
17 41 17
18 40 59
19 40 56
20 40 53
21 40 50
22 40 47
23 40 44
24 40 43
25 41 2
26 41 11
27 41 20
28 41 29
29 41 48
05ῗὶΐῆ
1 42 26
2 42 45
3 43 4
4 43 20
5 43 34
6 43 48
7 44 2
8 44 15
9 45 8
10 46 5
11 47 0
12 47 55
13 48 50

14 49 46

15
16
17
18
19
2ο

21

50 27
51 9
51 51
52 33
53 14
53 39
54 4

22 54 29

23
24
25
26
27

29

54 54
55 19
56 33
57 46
58 59

013

Sagittarius

O

1

1 26

2 33

2 3 41

3
4
5
6

7

8

9
10
11
12
13
14

15

¹ 5 57

4 49

7 5
8 26

9 47
11 8

12 29

13 49
14 42
15 35
16 28
17 21

18 13

16 19 32
17 20 50
18 22 8
19 23 26
20 24 45
21 26 0
22 27 15
23 28 30
24 29 45
25 31 0
26 32 16
27 33 31
28 34 46
29 36 2
capacornus
,Ο 37 1
1 38 32
2 39 46

3 41 1

⁴ 4 42 15

5 43 30
6 44 43
7 45 56
8 47 9
9 48 22
10 49 35
11 50 44
12 51 52
13 53 O
14 54 8
15 55 16
16 56 25

 

17 57 30
18 58 36
Ῑ9 57 41

21 0 47

22 1 53 ’

3 2 56

4 4 0

5 5 3

26 6 6
7 7 10
8

8 5

29 9 0

Aquarius

0 9 55
1 10 5ο
2 11 45
3 12 33
4 13 21
5 14 9
6 14 57
7’15 46
8 16 26
9 17 6
¹0 17 45

11 18 25

12 19 5

x 13 19 39

14 2ο 12
15 2ο 46
16 21 19
17 21 52

18 22 26

19 22 29
20 23 11
21 23 34
22 23 56
23 24 19
24 24 33
25 24 47
26 25 1
27 25 14
28 25 28
29 25 43

Ρ sssss

12 24 6
13 23 47
14 23 16
15 22 46
16 22 16

 

9141445

 

 

 

