(41 verso)

 

 

 

 

 

Argumentum Lunae aequatum. (159vmo)
- ·. · ἡ cerm ω *erin “ d Γ Vl Γ, Γ ΧΠ
4 ³} 2
- a ———- 0 ———— 0 ————-— 0 ἓ
Jul Ξ August
Ε

ι-----ε-----.Ε---,Ξ--- —————=:-——-————.c

    
   
   
   
   
      
    
   
     
   

0 541 7 022 42
0 2158 16 1 9 16
1 7 37 28 12517
101359 23 112053 29 019 26 121 7 Ἰ41. 21013
102818 32 0040 42 1157 222152 22256
1110 56 48 01116 52 2 9 32 58 3 1 55
1119 25 57 017 54 59 213 47 59 3 714
2 20 23 , 54 3 1213

3 039 43 32029

1
1

11 24 37 60 0 22 28 59 1 20 56
112947 56 Ο29 9 53 1
2

0829 48 948 42 51419 30 4 236

32947 18 4177

 

4163 5310

5237 51937

 

6546

8

2

51916 0 61615

2 62254
9

616 27 7 9 31
7 8 28 19 7 25 57'
7 23 57 31 8 9 51
8 7 20 44 8 26 21
81717 55 9 815
8 2318 59 916 34
8 26 58 58 9 21 9
9 519 52 9 26 24
916 54 40 10 5 52
10 0 43 27 1018 47
1016 27 15 11 3 49

11250 0111954

 

8 838 7 912 21 6 1ou15 49 111925 1 0 629
t

82511 3 92847 111226 0065 O 0233

 

011196 1943

 

