 

Argumentum lunae aequatum

 

,Ε --ω-----ω

Φωκῖσῖσὶρωωμ

Ξ

11
12
13
14
15
16
17
18
19

20
' 21
22
23
24

 

 

71510
8016
31753
9313
91637

92137

10 2 41
Aptius
10 7 18
101438
1025 51
11 o 0
1125 43
012 4
028 38
115 20
2 157
2 18 28
3 4 33
3 ¹9 32
4 215
41118
4 16 38
4 2135
4 2948
5 11 52
5 26 29
612 25
6 28 52
715 25

828

7

 

 

F nvn Ξ

K ε
8 18 45 4
9 513 13
9 21 7 24
10 5 38 37
1017 33 44
10 25 36 57
11 0 31 60

Maius
11 5 59 56
11 15 11 47
11 28 4 34
013 3 21
0 29 10 11
1 15 42 3
2 219 0
2 18 58 1
3 5 33 7
3 22 52 17
4 7 33 27
4 21 38 40
5 2 43 52
5 9 54 58
5 ¹4 29 59
5 20 42 54
6 o 50 44
6 14 19 31
6 29 42 19
7 15 55 9
8 2 29 2
819 8 0

 

——0—

 

9 546
922 20
10 841
102359

11 7 31
11 16 44

1124 2

112826

Feria 111

 

 

22
g m
2 10¹ 9 20
9 10 23 51
18 11 11 48
30 11 26 25
44 0 8 33
54 0 16 53
59 0 21 54
58 0 27 12
52 1 6 8
> Julius
40 1 18 50
27 2 3 40
17 2 19 48
7 3 6 17
0 3 23 55
0 4 9 35
3 4 2611
10 5 12 33
21 5 28 17
32 6 12 30
45 6 23 47
56 7 111
60 7 4 49
57 7 11 49
50 7 22 41
38 8 5 2
25 8 20 22
14 9 6 33
5 9 23 6
0 10 9 45
0

N F· IV
Ξ
’Ξ 21
ε
g m
4 10 26 24
12 11 12 58
23 11 29 14
36 0 14 42
49 O 28 24Ι
57 1 8 51
60 1 15 19
’ 56 1 19 55
47 1 26 45
34 2 8 33
22 2 21 25
Augustus
11 3 7 2
4 3 23 19
0 4 9 54
1 4 26 35
6 5 13 14
15 5 29 44
27 6 15 45
39 7 1 1
52 7 14 8
58 7 23 41
60 7 29 27
55 8 4 8
45 8 11 52
38 8 23 30
18 9 7 52
9 9 23 44

31010 8

0 10 27 43

1113 23

 

 

8 0 16 29
18 1 2 28
30 1 17 13
43 1 29 35
53 2 8 8
59 2 13 20
59 2 18 28
52 2 27 8
41 3 9 37
28 3 24 24
16 4 2ο 26
Septdnber
8 4 26 54
2 5 13 32
Ο 6 o 12
3 6 16 48
10 7 3 11
20 7 19 '⁶0
33 8 3 19
44 8 14 50
55 8 22 28
60 8 27 10
58 9 2 57
50 9 12 34
v 35 9 25 10
25 10 10 41
15 10 27 10
5 11 13 43

2 11 19 59

   

 

