(41 recto)
(159 recto)

Argumentum Lunae aequatum Anno Domini 1314-15.

 

 

 

52
59
59

47
30
18

 

 

42638
51312
52927
61440
6291
7 756
71354
71835
72559
8716
82126
9711
92323
10108
102650
111326
112956

0160

1054

’11334

1 22 32
1 27 50
December

2 2 51
211 9
2 23 19
3 7 56
3 23 53

41022

427 57

..ι ,-. fl —— —————

35

 

 

8 ξ 7
S*

December ἓ Jan

513 37 0 61715
6 014 5 7 3 49
616 40 14 7 20 1
7 2 33 24 8 5 25
717 3 38 S 18 55
7 S 55 50 8 29 4
8 6 53 57 9 515
81144 60 9 9 51
81715 55 917 1
826 32 46 925 7
9 9 29 33 101⁷ 14

1010 46 10 11 1410

10714 3 0046
111348 Ο 01726
0026 1 142
018 7 12034

132118 2640

1 19 2 26 2 2140
2 3 2 40 3 1 34
2 14 3 55 313 45
2 21 7 58 31914
2 3 43 59 324 8
3 158 54 4 211
ganIuZnulsz 44 A 14 8
Februarius
3 5 45 30 -ι 22 37
411 9 18 514 31
4 7 23 9 6 0 48
513 57 2 617 35
6 0 36 Ο

 

 

 

 

 

 

 

 

ὃ 743
82426
91041
926 9
9 947
102014
102635
11 134
118 3
111856
0 222
01829
1447
12133
2 8 3
22339
31112
32712
41226
42530
5 457
51035
51524
52313
6 455
Aptius

61920

7 510

minuta proportionalia

 

 

 

