Argumentum lunae aequatum. (153 verso)

 

 

 

 

 

 

Feria Π a Ferit· lv w Feria Vl ff Ferin 1 ‚a Feria 11 κ Feria lv Η
; Dic 4 Ξ 3 Ξ 1 2 3 a 1 μ 1 Ξ
m 0 ο 0 Ο 0
’ς — ξ’ g* g* α *d ·· ἓ ἓ Ι
Ξ a ε a a ἃ a
Ξ Jun 5 juli Ξ Χυὲιιςὶ μ September υ O tuber Ξ Ν ooooo ber ἒ
,ἒ g ἐ Ξ Ξ
Q ,Ξ ’Ξ ’ἑ Ε Ξ ’ἓ
K 5⁷ A

0 29 27 1 S 3 3 3 9 6 39 5 101014 9 10 27 16 5 0 0 51 8
7 16 2 5 81936 9 9 23 5 14 10 26 25 19 11 13 43 13 017 6 18
8 2 27 15 9 5 47 20 10 8 57 ’ 25 111148 31 1129 39 24 1 2 32 30
81815 27 9 21 2 32 10 23 23 38 112515 44 01413 37 116 8 43

914 8 51 v101411 55 1113 4 57 01126 59 1 450 57 2 222 59

 

9 2147 58 10 2016 60 111754 60 016 3 58 1 918 60 2 719 59

1

2

3

4

ἶ5 9235 3910420 4311510 50 0518 55 02612 49 12625 53

6 .

7

8 9 27 24 60 10 24 46 58 1123 29 55 0 2317 , 52 1 14 41 56 214 21 52
9

 

10 2 16 55 11 2 14 52 0 2 51 46 1 4 26 40 123 48 47 2 2517 41
ss1o 101143 43 1113 35 39 015 51 33 118 33 27 2 6 37 34 3 915
ξ11 10 25 6 32 O 8 50 27 1 0 56 21 2 415 16 2 2136 21 3 24 53

 

12 111017 20 013 34 18 116 22 10 2 20 36 7 3 7 41 11 41111
}13 1125 41 10 02915 ,6 2 315 3 3 626 1 323 29 3 427 47
³14 01258 3 116 34 1 2 2011 Ο 3 23 51 O 410 49 O 5 14 28
515 02935 Ο 2313 Ο 3652 2 41027 3 42728 1 615
fif) 1 1614 2 2 20 51 4 3 23 26 7 4 26 59 11 514 4 6 617 38
{17 2 2 49 7 310 21 11 4 9 49 13 513 4 21 6 O 25 15 7 3 43
ἰ18 2 19 8 17 3 22 23 22 4 25 25 27 5 28 3 34 616 7 27 7 18 49
Ἰ19 3 4 42 28 4 7 16 33 5 9 23 41 610 52 46 7 014 40 S 150
20 31833 41 419 54 47 5 2019 52 619 59 56 71123 42 811 11
321 3 29 16 52 4 28 44 56 5 27 20 59 6 25 24 60 7 18 37 59 8 16 43
322 4 6 1 53 5 3 54 60 6 158 59 7 0 20 57 7 2317 59 8 2136

,ιιιΚ
J23 4³10 24 59 5 9 3 57 6 s 16 54 7 8 28 49 7 29 22 54 8 29 30
E24 4 17 11 53 ἔιιῗιζὶιῖῠ 49 6 18 33 43 7 20 28 37 S 9 26 44 9 11 17

 

September October

25 42739 43 §2030 36 728 :30 85124 82252 31 92536

Ἰ26 51121 29 6 14 20 23 71734 18 8 20 56 13 9 813> 19 101135 ’1-

N nnnnnn ber December
4 7 24 5 9 24 26 10 28 0»

9240 010110 111437

 

 

10
α)
0
ξ
α)
χ1
Ξ
ω
Φ
»β
cn
ω
0
(Ξ
10 0 Ν α)

9
2

101040 O 10 27 38 Ο 0 111
2

11 14 17

 

 

 

