 

12

 

 

 

 

 

 

62547
7959
72523
8853
8102

82513

.82()46

6659
9155
10213
101748
1148
11 20 44
0724
0240
11032
12638
21238
22132
3343
3912

3146

 

 

 

 

 

(Aur. 1⁶ a.)

Fer 1 a F 2111 r: 1· lv ᾖ sena VI α

Ma Ξ Aprihs Ξ Mai Ξ J uuuuuu Ξ

g e

62455 0 72741 2 b1450 1 61827 2
71040 4 81424 8 0126 4105 8
7 2717 12 9 0 39 18 917 54 12 10 21 17 17
8131 24 016 7 3ο 10 357 23 111051 29
8 27 40 36 0 20 45 43 101816 32 11 20 37 42
9 0 54 49 1010 12 54 11 0 54 48 0 1 18 52
018 8 57 1016 33 59 11 0 23 57 0 0 59
0 23 5 60 10 2132 59 11 14 35 60 01 36 59
0 28 26 56 10 28 1 52 11 10 45 56 010 7 53
10 7 22 47 11 8 54 41 11 28 27 48 0 20 46 42
10 2013 34 11 22 20 28 010 56 35 1 13 3 281
1157 22 0827 16 0243 22 106 18
112114 11 024 45 8 11152 11 214 23 8
0745 3 11121 2 12822 4 3158 2
02422 0 1281 Ο 21450 O 31858 O
1112 1 21327 3 3130 1 4514 3
12736 6 3 110 10 31814 6 42147 9
213 58 15 01710 20 4 4 38 15 5 7 56 20
2 20·41 27 4 2 24 13 4 20 24 27 5 23 9 32
013 51 40 415 28 45 5 4 41 39 6 6 23 45
3 25 6 52 4 24 55 55 5 16 8 55 6 15 ὃ 52·
4 1 24 58 5 0 33 58 5 25 47 δὲ 6 21 55 56
4 7 2 59 5 22 58 5 8 24 60 () 26 39 58
413 5 54 1311 50 6 412 55 7 413 52
4 23 5 44 38 613 59 45 7 15 43 39

 

 

 

10
01
Ο
L‘

 

 

 

32 7 29 59

 

 

 

 

 

 

