(9 remi Tabula Jouis.

 

 

 

 

 

 

 

 

 

 

 

 

 

 

 

 

 

 

 

 

 

 

 

 

 

 

 

 

 

 

 

 

 

 

 

 

 

 

 

 

 

 

 

 

 

 

 

 

 

 

 

 

 

 

 

 

 

 

 

 

 

 

 

 

 

 

 

 

 

 

 

 

 

 

 

 

 

 

 

 

 

 

 

 

 

 

 

 

 

 

 

 

 

 

 

 

 

 

 

 

 

 

 

 

 

 

 

 

 

 

 

 

 

 

 

 

 

 

 

 

 

 

 

 

 

 

 

 

 

 

 

 

 

 

 

 

 

 

 

 

 

 

 

 

 

 

 

 

 

 

 

 

 

 

 

 

 

 

 

 

 

 

 

 

 

 

*Q Ξ 12 13 14 15 16 17 18 19 20 21 2 23 Ι
Ξ Ξ Arte ‘ramus Gemini 'Cancer Virgo Libra Scorp. Sugitx. capric Aquar Pis Arm ι
5 Ξ g ,ε g υ· g m ιτ· g m ,ε’ m ε === g g ι’ m
m 10 28 31 27 56 26 30 2742 OL 29 4 13 7 40 9 27 10 50 8 52 6 44 4 23
Ξ 20 Oaurjffi 28 38 27 25 29Σ 19 2 54 6 52 9 41 11 5 10 45 9 2 6 49
‚a 31 3 17 0 ‘¹¹42 2 837 27 56 28 37 l 33 5 45 9 35 12 o 12 32 1132 9 29
ὴ 10 5 36 2 44 gama7 29 18 27 34 OV 25 4 32ἱ 9 8 12 31 14 5 13 40 11 51
Ξ 20 7 59 4 51 1 45 29 ι,58 28 7 29r 28 3 9 8 30 12 42 15 22 15 42 14 12
³: 30 10 2 6 40 3 30 1 52824 28 45 2 0 7 28 12 37 16 26 17 38 16 27
10 12 55 9 12 5 27 1 33 28 58 28 38 οη45 6 14 12 22 17 10 19 14 17 39

’,Ξ 20 15 10 11 22 7 26 2 2 279¹ 37 28 32 2Ι9ιὸν50 4 57 11 45 17 39 20 46 20 56
31 16 30 14 6 9 40 4 40 OQX& 20 35 29 2 3 30 10 44 17 56 22 11 23 1

10 19 40 16 28 11 56 6 28 2 6 29 53 28 38 2 15 9 32 17 48 23 9 24 49

ἐ 20 21 55 18 43 13 9 8 26 3 33 294041 28 34 1 20 8 15 17 2 23 46 26 26
30 23 43 20 55 16 24 10 27 3 15 oLwrgt), 28 40 0 29 7 18 16 25 24 13 27 51

10 5 31 23 6 18 38 13 28 7 1 2 2 29 18 0 6 5 44 15 20 24 18 29 1

Ξ 20 7 8 25 9 20 42 14 41 9 3 3 31 29 59 {gr-56 4 41 14 9 23 59 49 56
31 8 35 27 23 23 25 17 8 11 9 4 19 18ων112 gogus} 3 46 12 46 23 17 §mgb

ἓ 1οε {Q 44 29 1 25 28 19 18 13 16 7 7 2 28 0 36 3 14 11 23 22 23 0 42
Ξ 20ι ocum-121& gancezrc) 27 21 21 19 15 22 9 2 3 25 1 36 3 2 10 Ο 21 15 Ο 40
ἵ 31 1 5 12 29 26 23 52 17 43 11 7 5 47 2 30 3 12 9 15 19 47 O 14
{² 10 123 3 24 OLeo 7 25 54 19 58 13 21 7 36 3 44 3 42 8 32 17 13 23⁷2}ss
ἓ 20 125 4 26 3 46 27 57 22 6 15 28 9 32 5 21 4 28 8 11 17 16 28 32
30 0 53 4 50 4 7 29 52 24 30 18 32 11 38 8 2 5 13 8 5 16 7 27 18
10 O 7 5 13 5 18 ιν ό134 26 16 19 53 13 43 8 44 6 41 8 34 15 17 26 57

’Ξ 2ο 2‘9mm6 5 14 6 14 3 10 28 14 22 3 15 55 10 53 7 14 ,9 13 14 49 24 39
31 27 47 4 54 6 48 4 43 0.,ὂῃ14 24 22’ 18 22 12 52 10 8 10 4 14 24 24 131

{3 10 26 28 4 22 7 9 5 54 2 10 26- 28 20 33 15 21 12 2 11 13 14 37 22 54
Ξ 20 25 10 3 30 7 12 6 52 3 33 28 25 22 48 17 35 14 5 12 41 15 4 21 35
z 30 23 55 2 15 7 56 7 32 4 54 οωη118 24 50 19 50 16 13 14 32 15 48 21 5
ξ 10 22 59 O 55 6 19 8 31 6 3 2 2 26 3Ι 22 9 18 33 16 17Ι 16 41 20 58]
ξ 20 22 12 29911189 5 27 8 31( 6 59 3 37 29. 5 24 26 20 42 18 15 18 19 21 0³
31 21 45 28 22 4 28 7 56} 7 30 5 8 ἱαὲιιιᾋ 26 49 22 15 20 37 19 48 21 50

10 21 37 27 18 3 1 7 20 7 56 6 18 2 59 28 54 25 47Ι 22 51 21 35 22 38

20 2156 26 23 1 43 6 27 s 7 7 15 4 30 gw'fk 21²⁷ 57 2516 23 31 23 -1-3,
31 22 27 25 15 0 18 5 21 7 41 7 55 7 13 2 ει] εἷ”“’,ἓ’ῗ 28 39 25 33 25 13³

ἒ 10 23 15 25 31 {gn-eb 4 8 7 7 8 13 7 23 5 1 2 38 Oeam& ⁴47lm¹5⁷5 26 53
ξ 20 24 19 25 41 28 20 2 51 6 14 s 25 8 24 7 ³ 5 ¹ 2 ²8 ³ ¹² ”3345
νζ 28 25 24 25 57 28 5 1 21 5 2 8 10 9 , 8 8 6 4 1 ⁷4 1 57 0 L!

 

 

 

 

 

 

 

 

 

 

 

 

 

 

 

 

