Aequatio lunae.

 

311259 246 234 22129 150 144 131119

1
313 3 1 248 236 223 211 159 147134 12219 057
315 33 251239 226 214 2 2 150137 1251

1

317 35 253 241 229 217 2 5 153140 123
323 312 259 247 235 223 212 2 0148 136124112

327 315 3 3 251 239 227 210 24 152 140128 116
330 318 3 6 254 243 231 220 27 157 144 132 120

 

1

2

3

4

5 32038256 244 232 22028156144 13212018
6 .

7

8

9

333 321 316 253 247 234 224 211 2 0148 137 125
10 336 324 313 3 1 250 239 228 215 2 4 153141130
11 339 328 317 3 5 254 243 232 220 2 <j 158140 135
12 343 332 321 3 9 258 247 236 225 213 22151 140
13 346 335 326 313 3 2 251 240 229 217 26155 144
14 350 339 328 317 3 6 255 244 233 222 211 2 0 149 ’
15 354 343 332 321 316 259 249 233 227 216 2 5 154
16 357 346 336 325 314 3 3 253 243 232 221 216 159
17 31350 346 329 319 33 258 247 237 226 216 25
18 35 355 344 334 323 313 33 252 242 231 221 210 2
19 39 359 349 339 323 318 3 ὅ 256 247 236 227 216 2
20 313 4 3 353 343 333 323 313 3 2 252 242 232 222
21 317 4 7 357 347 337 327 318 3 8 258 248 238 228
22 321 411 4 1 352 342 332 323 313 3 3 254 211 234

 

23 326 416 46 357 347 338 329 319 39 30 250 241
24 330 421 411 4 2 352 343 335 325 316 3 6 256 247
25 331 425 416 4 7 337 348 340 331 322 312 3 9 254
26 339 430 421 412 4 3 354 346 337 328 319 310 3 1
27 343 435 4 26 417 4 9 4 o 332 343 3 31 326 317 3 8
28 348 440 431 423 413 4 6 338 349 340 332 324 315

 

29 355 445 437 428 420 413 4 4 356 341339 331323
130 337 449 441433 425 417116 42 344 346 333 330

 

&1022ss

