 

 

 

 

 

 

 

 

 

 

 

 

 

 

 

 

 

 

 

 

 

 

 

 

 

(ιε recto) TabularMercurii. Tabula Mercurii.
Ξ 18 19 20 21 2 2 23 ἒ m 18 19 20 21 2 2 24
Ξ ’ἕ Pisces Pisces Aries Aries Ριί Aquar ξ ξ Lam virgo Virgo Virgo Virgo Libra
ἒ g ¹¹· ἕ m g m g Ι g m ἒ - g ἕ m g ¹¹· g g ¹¹¹ g
5 5331914 558112921 526 25 5 00 613 6 214 02819 934
10 14 47 29 256 13 45 13 14 16 19 2915 2: 10 2Y⁷ugl⁰6 8 12 11 59 23, 49 L6¹m7 16 O
Ξ 15 24ὼ6 8 40 21 11 15 35 13 6 {a} Ξ 15 23 5 12 11 19 47 ι2ὼ2α1 15 2 21 18
Ξ 20 ἐν’-45 Ι7 59 27 8 13 54 13 5 11 26 Ξ 20 22 30 17 43 28 4 11 12 21 26 24 56
25 13 13 26 32 1 ν1α7 7 23 15 39 237, 3 ἓ 25 25 28 2122er L6⁸brgS 19 27 2390719 26 56
31 24 25 4 50 2 50 2 2512 21 32 01287 31 27 5 11310 14 51 27 27 350 ρ8 26 8
Τιιιι us Lim serp.
5 332 1230 2 sl 141 2811 927 5 151 818 2341 528 941 2440
10 12 15 17 44 27 30 3 11 6ηιε5 18 49 10 7 57 17 42 ’526056 12 37 13 28 20 58
ἓ 15 20 24 20 49 2241 7 1215 8 29 25 Ξ 15 14 48 286 4 10 52 19 0 13 3 20 41
Ξ 20 27 42 21 32 20 27 13 8 21 15 Τ7αῃν4ι7 Ξ 20 21 34 40742 18 34 24 10 12 29 20 25
25 σὲωιέἒ) 19 24 20 39 20 14 Ἕως-2 17 30 25 ‘'5⁷⁸2''ss 13 15 2613 27 59 9 27 21 12
30 8 13 14 5123 12 28 10 11 48 26 12 31 10 30 33 30 sfalti 29 44 6 19 26 48
Taurus G 22222 ευρ-ιι. scorp.
5 10 6 10 21 28 16 6 55 21 18 6 14 5 18 5 1 42 9 59 29 20 5 39 2 14·
10 9 43 9 4 4 49 15 58 6οΜΐ8 14 12 Q 10 27 46 9 44 14 19 26 3 5 42 7 49
g 15 5 50 9 1 12 16 25 16 1011 22 10 ἒ 15 ὃὲἕιὲἒ 17 10 16 14 2214 9 35 15 20
Ξ 20 1 51 12 31 20 41 G4m46 19 24 29 0 ξ 20 14 48 23 42 16 55 21 18 14 29 §aaa
25 21711352 18 4 28 41 15 16 208π 16 anc2 ξ 25 23 15 29 18 14 27 21 23 20 40 1 32
31 26 50 26 24 16οΜ48 25 34 08Μ 12 8 3 30 0}me cgprsg 10 57 22 59 27 51 10 20
Gemini Gmtm ¹ eam Sagitt.
5 016 4212041 428 1715 937 5 718 430 732 741 54315 9
10 4 9 13 14 209Μ3ν1 13 11 21 47 6 57 a< 10 14 32 3 50 6 41 ςὲἕιὲξ, 14 3 2C1m5c5
ἒ 15 10 28 2C2m 5 8 52 2210 26 56 61Μὲξῇ Ξ 15 19 24 ἕὲὴῑί) 7 47 10 31 {gfff 7 2
Ξ 20 18 11 1 15 18 11 29η58 27 36 27 14 Ξ) 20 2144 25 51 11 14 18 3 1 51 17 37
25 26611130 10 35, ²7Lm¹⁶ 6 41 26 16 26 9 0 25 21 18 22 47 16 35 26237 10 58 ἐρωῇ
30 5 24 20 3 6 44 8 45 22 13 27 7 31 18 45 22 39 24 51 7 19 22 52 3 30
(mm. Aquar.
5 15 28 28 48 13 46 14 19 16 52 29 12 5 14 29 5 115 3 32 16 24 1 48 1015
10 23ῌέὄ 5:¹24 20 47 14 31 12 16 egnes} Ξ 10 10 25 Cgpm'5 12 12 21ξέ1145 10 33 16 7
315321782521111113131137 215924 (2382044 65918431936
Ξ 20 12 17 2518 20⁴ 50 6 47 15 2219 22 Ξ 20 12 2 13 1 29 30 1419 2616 20 30
25 18 34 ζινόξ6 1(755403, 2 25 19 51 28 47 ²3⁸ 25 15 13 22 32 8 44 23, 11 1³21st 19 53
31 27 37 10 4 23²⁰7 1 O 26 29 8Δο20 31 21 47 Λξκζξ) 19 45 [ἕψει 6 49 12 56
νειμ Leo
5 9 41 13 36 25 36 31 4 55 17 18 5 29Μ8 15 24 219Μῗὲ3 11 0 8 37 7 3
ἢ 10 17 4 16 35 21 12 6 28 12 56 2618 g 10 79 28 ²1}- 45 824 17 48 7 39 5 42
Ξ 15 23 20 16 30 18 36 12 32 21¹ 31 ¹5⁸rg1⁰9 Ξ 15 13 19 1⁸561³7 16 10 22 44 3 76 6 22
ἒ 20 28. 24 13 55 19 21 19 s '3⁶1⁰ss 14 12 Ξ 20 25· 47 10 48 25 ,21 26 3 21511112 10 6
τ 25 ι1,,’35 9 55 22 9 26 42 9 12 22. 34 Ξ 25 Ιὲπω4 0 3 {mg-s- 26 44 24 46 15 56
31 2 10 7 12 28 37 16¹rg304 19 46 12ὼῖ5 28 10 52 7 9 9 24 25 21 24 16 21 17

 

 

 

 

