 

 

 

ιο α) <1 ox οι ‚a ο) b> *·}
<3⁴0
<n
Ν
oe

186 33

187 38

188 43

189 48
10 190 53
11 191 58
12 193 3
13 194 8
14 195 13
15 196 18
16 197 23
17 198 27
18 199 31
19 200 35
20 201 39
21 202 43
22 203 47
23 204 51
24 205 55
25 206 58
26 208 1
27 209 4
28 210 7
29 211 10

 

010³]oe

ω
Ξ
’ἂ
ω ω ω ω ω 0> ω ω ω ω ω ω ω
ιο α) <1 Φ Ul »b t&— »b nb »ἢ »b ιβ »ὁ »b

ω

226 3ο
227 30 3 10
228 3ο 3 11

229 29 3 13

23028 314 ’
23127 316 ”

232 26 3 17
233 25 3 19
234 24 3 21
235 22 3 24
236 20 3 27
237 18 3 30
238 16 3 33
239 14 3 36
240 12 3 39
241 10 3 42

242 7 345

  

753
752
751
750
749
747
745
743

741“

739
737
734
731
727
723

720 Ἶ 3

716
712

 

