 

 

Argumentum lunae aequatum.

 

 

 

 

 

 

 

 

 

ω Feria ν1 ’Ξ 1:01121 ω Faria 11 a Feriam ω Feriav a νει-1111111 d Ι
·ε---τε---ξ-----”τὲ---”τζ 5-——i
ξ Die 17 Ξ 15 -Ξ 15 Ξ 14 Ξ 13 Ξ 12 ’Ξ
.5—-—-02—-—-5-——g-—„——„g.—-5——-—5
Ξ Augustus Ξ September Ξ· October Ξ No lllll ber Ξ D eeeeee ber Ξ Januarius Ξ
s g m s g m s g m s g m s ι n· ⁸ g m
1 711 43 1¹ 81819 3 9 5 20 1 10 8 57 3 10 25 28 1 1129 31 3
2 8 118 7 9 151 11 922 55 7 10 25 29 10 111233 6 016 7
3 8 17 39 16 9 2ο 52 21 10 8 18 15 11 11 37 20 11 28 58 15 1 1 51 20
4 9 3 19 27 10 5 59 33 10 21 2 27 11 26 11 32 0 11 58 25 1 Ι7 30 32
5 917 21 40 10 18 51 45 11 8 20 40 0 9 49 45 0 29 2 39 2 015 45
6 9 28 21 52 10 28 8 56 11- 19 26 52 O 19-28 55 1 10 15 50 2 10 28 52
7 10 5 28 58 11 3 57 59 1126 17 58 0 25 1 60 1 18 5 57 16 25 60
8 1010 7 59 11 S 31 55 0 127 59 0 29 16 58 1 ⁹2 18 60 21 ,2 58
9 10 16 22 54 11 16 51 50 O 7 29 55 1 7 32 51 1 ⁶5* 36 55 2 28 37 52
1ο 10 26 52 44 1128 51 38 017 25 45 1 1913 38 ⁷ ὃ Ι, 45 310 3 39
11 1120 3 30 012 54 24 1 0 48 31 2 3 37 28 0 ⁹134 32 3 2419 28
12 11 25 17 13 O 28 18 14 1 16 7 19 2 19 27 15 3 6 17 20 410 6 15
13 01110 9 1 1216 5 12918 9 3 5 52 5 3 22 25 10 1 26 29 6
14 02811 2 151 0 21851 3 32228 1 1929 3 0155 1
15 Slemlcssbg-3r3 0 20332521 0 3 5 30 0 1 9 9 O 1 26 6 O 5 20 45 0
16 2032 2 352 4 3228 2 12515 4 5135 2 61922 4
17 218 1 9 320 31 12 Q1¹ 812 8 5 11113 12 5 29 21 8 7 10 11
18 3 4 18 18 4 7 31 24 424155 18 &0313 26 6 15 3& 17 7 18 34 22
v 19 319 42 30 4 22 9 37 510 26 30 61 56 35 7 1⁴ 11 29 8 3 11 35
20 4 3 13 44 0 4 15 49 ³ 24 6 43 6 0 16 48 17ω1150 42 0 1519 41
21 4 13 24 54 5 9 29 59 0 4 37 53 7 3 47 57 7 25 37 54 Fb‘brzoL ¹¹¹¹¹ 4 57
22 419 38 59 5 17 33 60 6 10 55 59 7 κ 57 60 8 ο 18 59 9 0 9 60
23 4 2416 58 5 22 51 56 615 31 59 7 14 6 56 ὅ f> 53 59 9 5 21 59
24 0 12 52 6 147 47 622 26 52 722 3 48 8 13 29 53 913 55 {48
25 512 25 40 6 14 31 34 7 317 41 5· 5 20 35 ὅ 21 27 42 9 26 s ἵ35
26 5 26 29 26 ὁ 29 29 22 s 17 9 28 8 20 9 22 9 7 53 29 10 10 50 ἱ23
27 6 12 6 17 7 15 32 11 8 2 15 16 9 6 10 12 9 3 25 17 10 27 50 12
28 (³28 27 8 8 3 4 819 1 8 923 27 4 10 912 8 1113 1 4

