(1 5 3 recto)

Argumentum lunae aequatum anno domini 1311.

 

Feria VH

 

 

 

 

 

Φωκῑθϋὶῥωωμ

ΞΞΞΞΞΒΕΕΞ

10 21 35
11 8 10
11 24 25
0 9 38
0 22 59
1 2 54
1 'S 52

9 18 51
1ο 5 20

1ο 21 55

11 8 35

3 11 25 12
9 o 11 38
20 0 27131
31 1 12 1
45 1 ⁷3 53
55 1 51
59 642
58 1 13
52 2 21 30
40 gmm4m37
27 o 19 15
15 4 5 24
6 4 2⁷ 9
1 5846
Ο 5 25 24
4 6 12 o
11 6 28 19
24 7 13 59
34 s 28 o
47 5³91
56 8 16. 5
50 8 20 41
57 8 26 55
49 9 7 10
36 9 20 43
23 10 6 7
12 10 12 21
4 11 ὃ 55
0 11 25 34
O

 

5 ’ 0 12 ¹5
14 0 28 4]
25 1 14 59
37 ’ ⁷ 0 23
50 13 53
57 24
60 3 10 13
55 ο 4 49
46 3 11 59
33 o 23 4
21 4 7 12
10 ¹1¹'Z'JTS

3 5 9 ὅ

0 5 25 44

1 6 12 ⁷4

7 6 29 0
16 7 15 32
26 8 1 3
40 S 16 38
55 8 29 31
58 9 8 43
59 9 14 12
54 9 19 6
44 9 27 9
30 10 9 5
18 10 17 35

9 11 9 29

2 11 25 46

O o 12 33

 

8 2 36
8 18 58
9 4 4¹
9 18 51
10 0 6
10 6 ὲ4
10 12 2
10 18 5
10 28 5
11 11 29

11 26 46

o 12 59 ·

0 29 32

1 16 11

 

 

10 20 28
10 29 55

11 5 53

1110 22

11 18 11

112953

0 14 18

1 15 33

 

 

50

 

 

5 6 26 4
3 3- 54 12
4 ὃ 57 23

ο s 48
15 40 35
l Ο ἾΟ 22

 

 

Ο 5 34 L⁶⁰
0 9 12 155
0 18 59 148
1 14 182
1 1] Ι '20
2 ,36 6

0 9 3
o 0 47 Ο

