Ὀ ω q Φ 01 ‚b ω [Q μ Numerus iurum

&zatzffffissasszz

 

Η 31

23
24
25
26
27
28

33 9
33 9
32 33
31 36

30 4ο

29 25

29 28 10

O

1

0 U: 4.. φ)
ω

26 55
25 4ο
24 44
23 54

23 1

71958

ΙΟ

11

12

13

14

16

Ι7

18 41
17 24
16 7
14 5ο
13 22
¹1 55
10 28
Q 1

7 34

Tabula Solis Secunda.

18 4 28
19 2 50
20 1 12
20 59 34
21 57 55
22 56 6
23 54 18
24 52 30
25 50 42
26 48 54
27 47 0

28 45 5

14 11 48
15 9 33
16 7 18

 

Ι7 4 42 16 40 51
18 2 8 17 38 22
28 59 34 18 35 53
19 57 Ο 19 33 24
20 54 26 20 30 54
21 51 55 21 28 10
22 49 25 22 25 15
23 46 55 23 22 25
24 44 25 24 19 35
25 4Ι 54 25 16 46
26 39 20 26 13 57
27 56 45 27 11 8
28 34 10 28 8 19

G eeeee c aaaaa
O ⁷9 ο 0 2 41
1 6 18 0 59 51

3 36 1 57 2
3 20 54 2 54 12
4 18 12 3 51 22
5 15 51 4 48 33
6 1 46 5 45 48
7 10 6 43 2
ὅ s 18 7 40 16
9 4 34 8 37 30
10 1 5ο 9 34 45

10 58 55 10 31 53
11 55 4ο 11 29 2
12 52 35 12 26 11
13 49 30 13 23 20
14 46 25 14 20 29

 

10 10 30
11 S 22

12 6 14

1346

14 1 58

 

14 59 47
15 57 35
16 55 23
17 53 11
18 51 O
19 48 59
20 46 58
21 44 57
22 42 56
23 40 55
24 39 1
25 37 7
26 35 13
27 33 19
28 31 24
29 29 34
οῩ27046

1 25 48
2 24 10
3 22 21
4 20 54
5 19 27

61811

 

7 17 33
8 15 16
9 13 35
10 12 4
11 10 33
12 9 1

13 7 29

 

