Tabula Jouis. (ι 1 msa)

 

        
    
  
       
   
     
     
   
    
   
    
    
       
   
                
     

 

 

 

 

 

 

 

 

 

 

 

 

 

 

 

 

 

 

 

 

 

 

 

 

 

 

 

 

 

 

 

 

 

 

 

 

 

 

 

 

 

 

 

 

 

 

 

 

 

 

 

 

 

 

 

 

 

 

 

 

 

 

 

 

 

 

 

 

 

 

 

 

 

 

 

 

 

 

 

 

 

 

 

 

 

 

 

 

 

 

U 10 18 25 17 29 18 8 20 27 24 10 27 54 0 16 1 0 0 18 28 30 26 13 23 5
Ξ 20 20 21 18 43 18 29 19 50 22 53 27 0 0 32 1 52Χ 2 2 έῆκῖ5 28 49 26 18
a 31 22 21 20 17 18 49 19 19 20 38 25 37 ιέῧψέ3 2 28 3 41 3 6 1Αηῒ8 28 56}
w 10 24 49 21 42 19 44 19 13 20 40 24 16 28 58 2 53 5 0 5 3 3 40 guusssg{
Ξ 20 27 1 23 40 20 52 19 29 19 56 23 10 27 59 2 53 6 1 6 59 5 54 3 403
R 0 29 18 25 38 22 9 19 51 19 23 21 53 26 46 2 28 6 42 8 40 8 9 6 1?
Ψ 10 1ἣῃῖ4 27 6 23 39 20 34 19 20 20 55 25 29 1 53 7 11 9 55 10 14 8 24
ἓ 20 3 50 29 46 25 21 21 25 19 33 20 6 24 12 0 55 7 19 11 18 12 18 10 49
31 6 30 2ᾒπῃ8 27 20 22 59 20 1 19 36 22 49 29 40 7 6 12 20 14 14 13 18
10 8 45 4 25 29 16 24 23 20 45 Ἰ19 28 21 52 27 24 6 39 12 55 15 53¹ 15 14
Ξ 20 10 59 6 41 1ιῖ1 26 2 21 51 19 45 21 6 25 5 5 44 13 9 17 20 17 17
30 13 11 8 57 3 26 27 48 23 6 20 7 20 40 25,50 4 39 13 20 18 28 19 11
, 10 15 64 11 13 5 35 29 40 24 30 20 51 20 33 24 44 3 24 12 59 19 21 20 552
{. 20 17 6 13 23 7 48 4ΠἌ42 26 18 21 55 20 41 23 46 2 4 12 22 19 51 22 248
31 19 11 15 43 10 16 6 4 28 5 23 17 21 8 23 15 0 38 11 18 20 15 23 48Ὶ
³ 10 20 49 17 47 12 26 8 8 (ξὼη1 24 45 21 51 23 1 62019141 10 8 24 57{
Ξ 20 22 16 19 43 14 45 10 9 2 ⁹ 26 16 22 54 23 10 28 34 8 51 19 45 25 434
³ 31 23 34 21 42 16 43 12 41 4 ¹6 28 22 23 19 23 35 27 50 7 25 18 40 ,26 53Ξ
3 10 24 28 23 48 18 44 14 50 6 27 ’ἔοηὲῖ 25 57 24 20 27 31 6 8 17 58] 25 56
Ξ. 20 24 59 24 44 20 51 17 59 8 37 2 22 27 27 25 11 27 32 5 33 16 41} 25 36ἶ
ἃ 30 25 25 25 55 22 32 18 2 10 50 4 27 29 18 26 32 27 58 ·4 8, 15 21] 25 4}
κ 10 25 26 26 54 24 7 20 59 12 39 6 37 ΐψῖῖ 28 31 28 34 3 37 14 3] 24 11η
ξ 20 25 8 27 32 25 35 22 57 15 13 8 46 3 28 ἐ9η 4Ξ 29 26 3 28 13 45 23 οἵ
⁹ 31 24 35 27 56 6 53 4 51 17 31 11 14 5 43 1ρ κ45 dngg6 3 32 11 40 21 44j

 

 

 

 

 

 

 

 

 

 

 

 

 

             
          

 

 

 

 

 

 

 

 

 

 

 

               

 

 

 

Ξ 10 23 42 27 47 27 50 5 25 19 22 13 23 7 57 4 1 2 14 4 10 10 52 20 24ss
Ξ 20 22 36 27 27 28 31 27 50 21 14 15 36 10 10 5 53 3 24 4 56 10 31 19 7&
Ζ 30 21 4 27 9 2854 εδ 22 28 18 41 12 25 8 5 5 52¹ 6 1 1023 18 οἷ

           
         
    
               

   

 

 

 

 

 

 

 

 

 

 

 

 

 

 

³ 10 19 47 26 20 29 3 28 0 4 33 19 44 14 41 10 20 7 50 7 2ο 10 41 17 5*
Ξ 20 18 36 25 17 28 51 29 40 25 57 21 41 16 55 12 35 9 53 8 53 11 12 16 26ᾕ
N 31 17 18 24 23 28 11 29 3 27 24 23 37 19 20 15 6 12 20 10 51 12 5 16 8*
ἕ 10 16 28 22 40 27 23 29 11 28 13 25 15 21 25 16 30 14 38 12 494 13 13 16 ¹3st
ἐ 20 15 52 21 24 26 26 28 58 28 26 26 41 23 26 19 50 17 4 14 55l 14 36J 16 44!
ἐ 31 15 37 20 10 26 2 28 24 29 11 28 2 25 29 22 16 19 39 17 19} 16 25Ὶ 17 244

 

 

 

 

 

 

 

 

 

 

 

 

 

 

      

      

            

  

 

 

 

 

 

 

 

 

 

 

 

 

 

 

 

3 10 15 45 19 16 23 36 27 44 29 21 29 1 27 14 24 49 21 58 19 35 18 121 18 23,
ἒ 20 16 7 18 35 22 17 26 39 29 5 29 40 28 44 26 11 24 20 21 56 20 12ξ 19 33
ὲ 28 16 37 18 14 21 8 23 25 28 39 29 59 29 50 28 14 26 14 23 47 22 5Ξ ἈῠὲὲὲΗ

 

 

÷÷ 20 ⁴4

