(12 recto) Tabula in Almanach Martis perpetuum continens in revol. sua a. 70.

 

 

 

 

 

 

 

 

 

 

 

 

 

 

 

 

 

 

 

 

 

 

 

 

 

 

 

 

 

 

 

 

 

 

 

 

 

 

 

 

 

 

 

 

 

 

 

 

 

 

 

 

 

 

 

 

 

 

 

 

 

 

 

 

 

 

 

 

 

 

 

 

 

 

 

 

 

 

 

 

 

 

 

 

 

 

 

 

 

 

 

 

 

 

 

 

 

 

 

 

 

 

 

 

 

 

 

 

 

 

 

 

 

 

 

 

 

 

 

 

 

 

 

 

 

 

 

 

 

 

 

 

 

 

 

 

 

 

 

 

 

 

 

 

     
    

ἷΙΞ 1300 Ι 1 3 3 4 5 6 7 8 9 10 11
Ξ 3 Ptms Leo Pisces virgo Arses scorpius Aries 9 ,ηωῑιις Tamus Capricor. ramas Aquar.
ἕ Ξ g m g m g 111 ,ρ 0 111 g m g m m g m g m g m g m
10 11 2 8 47 3457ες 33 21 18 13 9 13 3 26 47 1619 13 3 10 44 36 40 0 4]
“ 20 18 53 8 2 0 rie 7 17 15 1911 11 16 3]ι 3³5 30 6 18 30 16 13 2 51 7 36
Ξ :31² 27 27 10 23 10 57 15 28 35 33 9 28 11 35 26 14 35 49 35 4 9 31 15 51
> Arses Tau unas eaprscor. G ::::: Aq ‚‚‚‚‚ · us
10 5 5 1217 19 56 13 17 4 43 6 49 18 37 0 10 3 38 3 13 16 10 33 37
Ξ, 30 13 39 15 34 27 44 12 55 11 50 3 46 35 4 3 57 8 58 8 36 33 8 11> ceso
30 20 7 1917 4T 33 13 2 19 29 Ο 24 1m4¹9 5 53 15 35 I519 2810 8 57
a 10 2Τ7 34 25 19 11 49 15 49 {5 55 2L7m2⁰6 8 11 8 8 21 52 19 49 4 13 16 4
[Ξ 20 4110553 38 54 1931 18 36 zena} 25 Ω 15 30 8 37 3α8ηα1ν6 27 37 10 36 33 ἰε3ς1
“ 31 13 47 3V 35 26 44 23 10 30 30 2439 33 3 8 3 4 46 4103638 17 19 1 17
10 19 51 8 53 ξωηηιῖ 36ὸ 17 17 50 35 43 39 30 5 43 13 38 10 11 33 43 8 33
Ξ 20 27 44 14 33 10 57 21ἱ 7 «23 55 28 42 ⁶⁶⁶⁶⁶ 3 1 18 18 121513 27 47 15 17
ιιιιιι eamr sco epm sa ag itt. Leo
30 3 44 31 4 17 17 7 34 0 39 3 37 13 33 27 51 34 44 18 35 6 3 33 7
10 10 31 36 33 33η 544 13 51; 6 53 7 35 19 5, 25 42 οιεο59 33 10 13 38 3814
Ξ 20 17 34 2L 50 0 30 18 33 14 46 13 31 25 ο14 36 37 7 23 35 41 18 44 {m 36
31 35 0 10 3 7 38 36 55 3135 17 35 3 ο19 37 3314 31 25 19 35 34 11 15
c aaaaa 50 orm Virgo
., 10 0 43 15 59 14 30 3 36 37ο 0 33 8 8 41 39 7 19 55 2427 3 54 16 13
Ξ, 3οῙ 6 35 23 33 30 8 9 15 13 ⁰8 39 13 14 30 comerI. 37 15 23 56 8 15 19 371
ἑ 31]] 13 30 0⁰ 30 37 5 16 48 10 16 3015th 22 50 6 44 4 ι’70]Ὶο 20 52 16 52 24 36
3 10 19 18 8 30 3Lm1o 353 48 16 30 13 13³ 28. 9 11 48 10 34 18 43 33 31 36 18]
Ξ 20 24 59 15 5 9 5 Oaff115t5' 22 26 19 53' §Vngoss Ι7 23 ¹6 1 17 37 2Ξᾞ54 27 27
‘¹¹ 30 OL ⁰21 22 46 15 8 8 38Ἰ ,8 30 3718 10 45 33 7 33 33 14 13 6 35 26 36
1 ⁵ 2⁷ 2235> ²0 48 ¹⁵ ⁵0 3¹⁷³} 4⁶“p'3'8- ¹⁶ ⁵⁷ 3311? 242⁷ 12 ³4 ¹2 1³ 2⁶ 2⁰
ξ 30 10 51 7 18 36 3 33 30 10 15 13 35 3313 5 55 6 31 15 35ι 18 54 2451]
Ο 31] 14 3214 18 3ν ⁵⁷20 1οΗρ37 16 4ο 30 31 37 55 13 54 13 35 18 53] 36 33 20 374
g 10¹ 18 43 2C3pm7 7 35 15 7 33 34 38η ar7 5Lirb55 19 37 30 7 33 5 ζοφῗῗ) 16 32]
ξ 20¹ 22 33 1 47 1144 17 1 2L7b 59 ω15 1216 35 39 2630 27 9 10 13 13 354
zo 30] 34 14 8 33 16 35 34 41 3 32 13 13 18 31 3Pssce256] iupa} οωὲὁ 17 33 11 39]
ξ 10 36 34 16 31 31 9 ,2an 36 8 57 20 34 24 36 10 34 9 44 5 23 3410]11 31
ξ 304 37 39 34,ω 11 23 56 10 30 13 53 38 34 {ampl-cg 17 11 16 22 11 27 15331‘1'1, 11 53
q 31], 27 39 zq 36 27 25 18 53 19 33 6P¹m151 5 56 34 0 33 54 16 47 9 5 13 58
a 25 34 10 856 39 41 316 47 33 56 13 53 13 58 1-Μεὲ9 3ς9 143 31 37] 18 33 17 13’
{1020 22 26 13 1L 43 4¹m252 38 23¹} 21 37 18 55 7 41 7α3118 37 33 33 33 3ο 30
³⁵ 31 18 38 37 822¹ 1 25 13 53 ςὲοριυέ] 39 49 34 58 15 53 14 33 ganuz 39 30 34 51

 

 

 

 

 

 

 

 

 

 

 

     
   

          

       

Pte Aries Sa agn i.tl

 

 

 

 

 

 

 

 

 

 

 

 

 

3 10 13 33 4 46 OV 38 30 3ο 5 46 6 40 0 37 33 37 21 36 10 1 1 39 36
4 Ξ 20 11 0 13 37 27i 51 27 κ59 8 38 13 56 6 4- ssiri? 381,νῖίὸ 16 3 16 36 3 30
‘² 38 9 8 18 33 26 40 4Λ κ43 10 53 18 53 10 44 5 20 3 5120 46 2212 7 5611

 

 

992Ιώ

