 

 

 

 

 

 

 

 

 

 

 

 

 

 

Argumentum lunae aequatum anno domini 1322. ((ιέἶῖἱῖῗῖἒ)
Feri: 111 a Feria V a Furia VI a Faria 1 π Fena 111 a Feria 1V
ί ’Ξ Ξ Ξ Ξ ’Ξ
Ξ Die 19 Ξ 18 ³} 19 ξ 18 ξ 18 ξ 16
1 Ξ J: 1111111111 ΞΤ 1-9 Ξ Marcius Ξ Λρήιῑς Ξ Maius Ξῖ J 111111
g m «ι’ m g ε
1 9 955 2 101412 4 11 812 1 0 048 3 0 150 1 125 25
2 9 10 7 11 042 11 111748 7 02120 11 1 824 6 2 1158
3 10 13 28 15 11 16 45 22 0 4 7 16 1 7 25 27 124 46 15 2 28 5
4 10 29 3 28 0 1 39 34 019 47 27 1 34 34 2 10 29 27 5 13 11
5 1112 55 41 01418 46 1 3 45 40 2 515 46 2 24 36 4Ο 3 2613
6 11 22 41 52 o 23 12 56 1 14 44 52 214 25 56 3 5 51 52 4 5 37
7 o 0 28 59 0 28 25 60 12145 59 219 52 60 312 6 58 411 16
8 0 5 1 59 1 3 27 58 126 21 59 2 24 45 57 517 4 59 416 2
9 01135 53 1 1151 49 2 2 52 54 3 52 50 3 3 Ἷ6 55 4 23 54
10 0 22 4 43 1 4 2 36 2 13 56 43 314 50 :39 4 0 49 44 5 5 39
11 1 5 46 29 2 8 4ο 23 2 25 30 30 5 29 23 24 417 14 31 5 20 4

μ
Ν
με
Ν
1..
..-
<ss
μ
α)
Ν
4.
ᾧ
0
μ
0
0⁴
00
Q
01
μ
ω
‚1:-
δι
Ξ
μ
ω
<ss
0³
Q
μ
0
Ox
U!
Q
(ΙΙ

13 21832 8 3117 4 3289 9 5-145 5 51847 9 62222
14 F2b2415 2 3 740 0 4A1³r4¹ 44 2 5Μζ8521 0 6 517 2 7 8 57
15 3746 0 41423 Ο 512 0 6459 0 62159 0 72538
16 3 27 23 3 5 1 0 5 5 18 1 2 6 1 55 5 7’””8 37 2 8”’1”.’2ς14
17 413 56 9 5 17 25 14 6 4 34 9 7 8 3 13 7 2511 8 8 28 41
18 5 0 6 19 6 3 18 25 6 20 46 18 7 23 59 24 8 2 26 18 914 41
19 51514 31 617 45 38 7 6 9 31 8 8 34 36 9 0 53 30 9 29 22

20 5 28 48 44 6 29 36 50 7 19 37 44 8 14 34 46 9 10 30 43 1011 37
Ὲ21 6 8 36 55 7 7 40 57 7 29 50 54 8 20 48 57 9 20 49 54 10 20 4
22 6 14 34 58 7 12 24 60 8 5 54 58 9 3 46 60 9 27 14 59 10 25 18
23 6 1914 58 717 56 55 810 32 58 9 9 S 56 10 150 59 11 0 23
24 6 26 39 52 7 2715 46 817 43 52 91813 47 10 7 24 48 11 910
425 7 7 58 37 81013 33 8 28 50 40 10 0 59 34 1019 43 40 11 2147
26 72211 27 8 25 16 21 91353 27 1015 56 22 11 3 36 28 0 6 37
27 8 7 56 16 91123 16 9 28 34 16 11 2 1 11 111914 16 0 22 39
28 82459 6 92755 3101456 6111831 3 0533 7 499
29 91148 1 101431 O 11119 1 0 5 9 Ο 022 8 2 12546

 

 

 

 

30 92517 0... ,111811 0 . 1848 O ...-ΔΙ

 

 

