 

 

 

 

 

 

 

 

 

 

 

 

 

 

 

 

2948
——.—-—-.-.——-—-—-—————--—-

 

&155⁴ss

 

 

 

 

(29 recto) Argumentum lunae adaequatum 1303 Anno domini.
F a11 Ν F ιν Η F av ω Feria vn a Fer 1 a Feria 111

ἔ Die 18 Ξ 20 ,Ξ 18 Ξ 18 ’Ξ 16 ’Ξ 16

3 5 3 3 3

ἓ Feb rrrrrr ἓ Mart ἓ Apu-111 ξ Ma ἓ J uuuuu Ξῖ Jul·

ἕ 5 Ξ ι Ξ g Ξ g Ξ g m Ξ g m
1 0211 2 1547 4 12236 2 2624 4 5135 2 4100
2 018 43 9 1 2215 12 9 22 8v 312 52 12 4 0 0 8 5 3 31
3 1 4 57 18 S 10 24 ο5 37 18 3 28 55 23 4 16 Ῑ5 17 5 16 33
4 , 1 20 21 31 22 47 36 411 5 30 41314 32 5 1 49 29 6 4 2
5· 2 3 51 44 3- 4 52 49 3 24 33 43 4 25 5 48 515 35 42 515 53
6 214054 3136 57 457 54 54157 52612 52 62536
7 2 20 11 59 318 3 60 4 11 31 59 5 9 33 60 6 2 50 59 7 0 42
8 22447 58 32324 56 4 ὁ 5 56 51143 56 6 724 59 ι 55
9 3 157 52 4 2 20 47 4 22 59 52 5 23 25 48 614 3 53 7 14 25
10 3132 40 4151 34 5 352 41 6 554 35 62444 42 72645
11 3 2719 '27 5 0 7 22 517 18 28 6 20 48 22 7 8 31 28 81128
12 412 46 16 51612 11 6 3 25 16 7 6 50 11 7 24 4 ἱ 18 8 27 28
13 4266 7 6243 3 61643 0 7232Ο 4 8621 8 61357
14 51542 1 61920 O 7619 2 8947 0 82656 210035
15 6 222 0 7 60 1 72259 0 82637 1 91336 0 101714
16 61858 3 72234 6 8 835 3 91312 6 10012 3 11347
17 7 5 30 11 8 8 56 15 8 26 8 10 9 29 36 15 1016 45 f 9 11 20 21
18 7 2136 21 8 24 39 27 9 12 8 20 10 15 22 27 11 2 54 15 0 6 4
19 8 6 36 33 9 8 49 40 9 27 22 33 10 29 39 39 11 18 7 30 0 20 8
20 819 30 46 9 20 4 52 1010 26 46 1111 6 52 0 121 42 1 2 9
21 8 28 41 56 9 26 22 58 1019 53 55 11 18 39 58 0 11 6 55 1 10 3
22 9 410 60 10 2 0 59 10 28 51 58 11 23 22 60 016 53 60 1 14 39
23 9 9 4 57 10 8 3 54 11 0 20 58 112910 55 0 2137 58 120 22
24 917 7 50 1018 3 44 11 8 9 50 0 857 45 02911 52 1952
125 9 29 3 37 11 127 31 11 19 51 38 5 2212 32 1 10 41 39 212 58
25 10 7 33 Ἃ 11 16 44 19 0 4 16 25 1 7 25 20 124 57 27 28 4
27 10 29 7 13 0 2 57 9 0 20 6 14 1 23 34 10 2 10 44 15 3 14 12
28111544 5 01930 3 1531 5 2107 3 2279 6 4045
29 0231 0 169 0 1237 1 22615 O 31343 1 41722
30 0 10 53 0 0 4 0 24 O

 

 

