Locus verus Solis Lunae et Planetarum a.1300
Aequinoctium 12 Mart. 12 h44⁰¹ temp. czssv fflonttkpessulam‘. Plenilum'a: 6 filant 12 b⁸47¹: 5 Apr. 3 '8³¹ a. m.

 

 

 

 

 

 

 

 

 

 

 

 

 

 

 

 

 

 

 

 

 

 

 

 

 

 

 

 

 

 

,Ξ ἒ Sat aaaaa Jupiter Mars Mercurius ¹ Venus Ι Sol Cursus Lunae Latid. Lunae

11.

Matu S Gm S G S Gms S Gm S ( S (ims- S GmsGms

3 1 Leo 7 28 49 Aries 21 10 48 Pisces 4 46 48 Pisces 27 15 o Pisces 19 29 41 Pisces 19 6 10 Cancer 18 5931 3 500

4 2 726 5 212342 53342 ²9 1 0 ²02719 20 344L00 2352725524

5 3 72322 214636 62036 Aries 047 0 2126 2 21 517 15491513016

5 4 72038 22 430 7 730 233 0 222414 22 4 5 2341 105240

7 5 7 17 54 22 22 24 7 54 24 4 19 ο 23 29 12 23 4 5 Virgo 11 18 58 0 12 40

D 6 71511 224018 84118 6 5 ο 243410 24 319 2340471174259

2 7 712 27 22 58 12 92812 751 ο 25 39 8 25 233 Libra 557 37 21742

3 8 7 944 2316 6 1015 6 937 ο 2644 6 26 147 18 51331052

4 9 7 7 o 2334 o 11 2 o 1123 0 2749 6 27 1 2 295743 35412

5 10 7 5 6 23 53 18 11 49 6 12 56 48 28 3 31 28 0 6 δοθῇ-,101140 18 427 30

6 11 Leo 7 3 12 Aries 2412 36 Pisces 12 36 12 Aries 14 30 36 Aries 0 17 56 Pisces 28 59 10 Scorp. 23 22 534 49 50

7 12 7 118 243154 13 2318 16 424 13² 21 295814Sagitr. 51147 459 o

D 13 65924 245112 141024 17 38 12 24646 Aries 05718 17 35 2945132

2 14 65730 251030 145730 1912 0 4 110 15621 Capric. 01756'438 0 C

3 15 65536 252948 154436 203736 515 7 25514 ¹3 45⁶4 730 ἶ

4 16 65342 2549 6 163142 ²2 31² ⁶²9 4 354 8 25471632212

5 17 651 48 26 824 17 18 48 , 23 28 48 743 1 453 1 Α91191· 845 32 2 2655

6 18 64954 262742 18 554 ²4 5424 85658 55155 22 931 132 35

7 19 648 o 26 47 o 18 53 o 26 2ο 0 10 10 57 6 5048 Pisces 53441 0 1213

D 20 64716 27 1 22 1939 44 27 56 24 112610 749 24 19 31 29 05945
Ἧι

2 21 Leo 64632 Aries 27 15 44 Pisces 2ο 26 28 Aries 29 32 48 Aries 12 41 23 Aries 848 0 Aries 3 34 50 2 9 15 9 ὲ

3 22 64549 2730 5 211311Taurus 1 912 135636 94636 18 43731348

4 ²3 645 5 ²744 ²⁷ 21 59 55 24536 151149 1⁰45 12 TaUsUS2 37114 524

5 ²4 64422 27 5849 22 4638 322 0 1627 1 1143 49 173315 44134

6 25 64338 281311 23 33 22 44410 17 41 7 1242 27 Gemini 241 2 458 58

7 26 64254 282733 2420 5 5 0²0 185513 1341 7 17 3543455 4

D 27 642 21 28 41 54 25 6 49 5 28 30 20 9 19 1439 47 Cancer 1 5835 43316

2 28 64127 285616 2553 32 55040 212325 153852 153523 35554 3

3 29 640 44 ²9 10 38 26 40 16 6 12 50 22 37 31 1637 0 29 22 9 4 4 4ο

4 30 640 0 29 25 ο 27 27 ο 635 o ²3 51 39 17 35 53 Leo 12 42 5ο 2 456

5 31 63845 2⁹39 12 2812 48 645 24 25 8 5 1833 44 17 40 51 4040

—ss—ss———ss——ss

Aprilis S Gms S Gms S Gms S Gms S Gms S Gme S GmsGrns

Ἢ

6 1 Leo 637 30 Aries 29 53 24 Pisces 28 58 36 Taurus 6 55 48 Aries 26 2431 Aries 19 32 15 Virgo S 21 5 0 5 ο

7 2 63615 Tauruso 786 294424 7 612 274057 203035 204153 1 824

D 3 635 ο 021 48 Aries 03012 71636 2857 23 212856 Libra ²48 29 2 850

2 4 63545 036 0 116 0 727 oTaurus 01351 222716 1452433 248

3 5 637'0 05012 2 148 73724 13353 232557 2652 234912CD

4 6 6 38 15 1 424 2 47 36 7 47 48 2 53 55 . 24 23 28 Scorpio 8 46 37 1 24 24

5 7 63930 11836 33324 74312 41357 252149 2038 044812

6 8 640 45 132 48 41912 657 36 533 59 26 20 0 Sagitt. 1 1147 45813

7 9 642 5 1470 5 5ο 612 o 6542 271810 14 74745713

D 10 64330 2 118 55024 52624 8 5 4 281615 253652 44415

2 11 Leo 645 0 Taurus 2 15 36 Aries 636 48 Taurus 4 40 48 Taurus 9 16 6 Aries 29 14 19 Capric. 7 52 45 4 16 48

3 12 646 30 22954 72212 35512 1027 8 Taurus 01224 203454335 44

4 13 648 0 24412 8 736 3 936 113810 1 1029 Aquar. 2 58 45 346400

5 14 64930 25830 853 9 224 o 124912 2 833 16411314150

6 15 651 0 31248 93824 127 ο 135750 3 629 Pisces 0 626034 ο

7 16 65230 327 6 102338 030 o 15 628 4 425 13515903835

D 17 654 0 34124 11 911 Aries 2933 ο 1615 6 5 221 28 5 1 14955

2 18 655 30 355 42 115436 2836 o 172344 6 017 Aries 122812 256 S

3 19 657 0 410 ο 1239 o 2739 o 183221 65814 27 12335154

4 ²0 6 39 36 4 24 6 13 23 44 27 13 48 19 45 44 7 55 44 Taurusu 42 12 432 44 θ

5 21 Leo 7 2 12 Taurus 4 38 12 Aries 14 8 36 Aries 26 48 36 Taurus 2ο 59 7 Taurus 8 53 14 Taurus 2630 26 4 55 13

6 22 7 448 4 52 18 14 53 24 26 23 24 22 12 30 9 50 44 Geminim 27 9 4 58 o

7 23 7 724 5 624 153812 255812 232553 104814 262242 44136

D 24 710 o 52030 1623 0 2533 ο 243915 114544Cancer11 4 54 6 9

2 ²5 7 12 36 5 34 36 17 748 25 32 0 ²5 51 47 12 43 44 25 ²0 ²4 3 15 52

3 26 7 15 12 5 48 42 17 52 36 ²5 31 0 27 4 ¹9 13 4¹ 40 Leo 9 5 59 2 15 35

4 27 71748 6 248 183724 25 30 ο 2816 51 143938 22 2438 1 9183

5 28 72024 61654 192212 2529 ο 292923 153735 V1rg0 521140 250

6 29 723 o 631 o 20 7 o 25 28 5 Gemini 041 54 16 35 30 1759 42 1 232

7 30 7 26 36 64518 2051 48 25 27 o 1 54 ²7 17 33 344Libra o 12 16 2 3 36

 

   

