 

 

 

 

 

 

 

 

 

 

 

 

 

 

———
ἵ 1: X! Α 1 1 Ferm 11 π ΙΤω-νι IV m Ρ· ιιιιι ΣΙ „3 Fem V11
m ’.Ξ -- L: ’.Ζ ,22
—- -ῌ ξ - ψ

Ξ Die 30 ’Ξ 1 ³5 30 ε 29 23 28 ’ξ 26

2 Ξ Ξ ἓ. ἓ. ἓ.

ξ’ Ξ Ξ Ξ Ξ Ξ

v 2 a. 0- a. a.

1 Ξ Fet :a Mn. rx Ma ω ΛΡ Ι ω Mniu es Jun

0 = ’“ ε ε 2

,ζ’ ⁷7¹

1

2 .

3 O. Q 31 21 1 12 37 26 2 dm 20 3 319 27 3 20 51 20 4 24 1
4 0 24 35 33 1 26 50 39 2 14 21 32 3 17 39 39 4 6 6 32 5 827
5 1 7 33 46 2 9 22 47 2 28 29 45 3 29 12 51 41111ω9ῃς24Δ 43 5J=¹2hons14
6 1 16 52 55 2 15 37 58 3 8 3 55 4 6 51 58 4 2915 55 5 28 8
7 1 22 26 60 2 20 14 60 3 13 49 60 4 12 28 60 5 5 20 60 6 2 58
8 1 2617 57 2 2612 55 318 39 58 417 20 ’55 5 9 50 58 6 8 33
9

2 510 50 315 47 32615 51 42657 45 51718 52 61755

 

10 17 38 3 19 25 31 4 7 50 31 5 10 10 32 5 28 39 39 7 0 55
11 3 1 30 22 4 4 41 19 4 22 1 55 5 5 1 20 6 13 54 27 7 16 0
12 3 17 14 4 20 52 5 8 1 15 6 1 45 10 6 28 38 15 8 1 27 11

13 4251 5 5726· 52342 5 622 3 71419 6 81839 3

62741 Ο 8118 2 81817 Ο 92156 2

9
3

14 42024 1 5242 O 6111 1 71439 O 8138 1 9515 0
15 575 Ο 61042 2
8

16 52340 4 62716 7147 4 81853 7 9555 4 10 830 7
17 610 9 12 713 32 17 8 0 46 12 9 412 17 9 2125 11 10 24 50 16
18 6 26 7 23 7 29 2 30 8 16 48 23 9 19 46 28 10 7 27 23 11 10 29 27
19 7 10 44 36 8 12 43 43 9 1 35 35 10 3 37 41 10 22 20 35 11 24 27 41
20 7 22 56 49 8 23 14 57 9 13 58 48 10 14 20 52 11 4 58 48 0 5 23 52
21 8 1 19 57 8 29 36 59 9 22 34 57 10 21 5 59 11 13 52 56 012 4ο 59
22 8 6 24 60 9 4 21 59 9 27 43 60 10 25 38 59 11 18 57 60 017 2 59
23 81137 57 911 8 52 10 2 53 57 11 215 53 1124 7 57 0 23 20 54
24 8 20 31 47 9 2153 41 10 1131 48 1112 49 43 0 112 49 1 3 37 43
25 9 3 10 34 10 5 45 28 10 23 57 35 11 26 28 29 0 14 44 36 1 16 12 35
26 918 2 22 10 21 20 16 11 8 43 22 01159 17 0 29 24 23 2 2 38 ’18
27 10 4 4 11 11 7 38 7 11 24 44 12 0 2814 8 1 15 52 12 2 18 53 8

28102036 4112413 2 01114 8 11449 2 2130 4 3535 2

2911713 Ο 01053 0 02753 0 2129 0 21827 0 3227 0
30112348 1 . 11431 1 . 357 1 ... -ΙΙ

 

§2292ae

