(η recto) Tabula Mercurii. Tabula Mercurii.

 

 

 

 

 

 

 

 

 

 

 

 

 

 

 

JANUARIUS

ἓ Ξ» 6 7 S 9 10 11 , ,Ξ ’ 9 10 11
Ξ ἒ Pisces Aries Aries Pisces Aquarius Aquarius ἕ fr ο ir 0 Virgo Libra mom Libra
ἒὲε gmgwg gngm {mg gmgmgmgm
5 2424471163 623 10 31 15 9 24 21 219ζί332 5 4 9 551 17 50 056 11 4 847
10 2 33 14 9 1145 11 17 29. 20 8 19 Q 10 7 31 12 18 2-1ι 9 3 17 55 821
ἕ 15 1136 21 25 10 25 10 5 ς’πῖἶῑ 17 21 Ξ 15 12 27 19 24 ,ιζ 1816 21 31 6 17
Ξ 20 2ο 3ο 26 13 5 42 11 26 14 53 221583 Ξ 20 22⁶9? 2⁶⁰7 23 59
25 21911134 29 37 2 52 15 22 ²212? 6 15 ⁰² 25 22¹.m 8 8 24 34
31 7 9 29 55 043 22 31 2 57 17 37 30 16 51 2
Pisces Artes
5 13 1 26 42 2230 ο 25 12 15 zygian} 5
10 16 57 22 33 2 27 7 57 aaa} 6 27 10 2
ἓ 1518 24 19 37 7 39 16 31 1 11 15 27 Ξ 15 2
Ξ 2ο 17 29 17 22 14 27 2Τ6ωκξ 10 37 2G1mss7 Ξ ω
25 13 21 18 32 2Τ2Μωῗ 5 12 19 3 1 35
3099229035142287925
5 555 27 5ο 9 29 2411 7 56 13 57
10 5 50 Tyris}- 18 43 63Μ4υ3 16 24 16 23 0:
ἕ 15 8 9 1 42 2σὸὲωίη9 12 58 3 23 18 44 Ξ
Ξ 20 12 44 261 28 8 49 202 223 58 17 57 Ξ
25 munz an sams 11 37 ξ
ι ” “ 2 ancer
„ ο e .. ’ ᾗ
, 4, m s , Ξ
ο - ἱ Ξ
20.

 

 

 

 

Ξ Δ 2V1'rg ἒ
53 15 12 15 15 55 13 14 ι1Γν47 8 1 0 3 ᾗ
Ξ 20 9 38 17 1 20 53 ιῗιοι 16 39 26444 Ξ
,ξ 5 5 49 21 10 28 57 11 15 ³ 0 L2¹b50 ἒ
Virgo Ll)
01 3 35 7 30 8 56 31 4 7 21

 

 

 

