 

 

 

 

 

 

 

Argumentum lunae aequatum.

.5 24 39

6 9 13
21 12
29 5ο

3 28

 

ΧΣΝΙΟΝΟΝ

7 18 48
3 1 37
8 16 36
9 2 41
9 18 29
ῐΟ 4 49
10 22 29
11 9 40
11 25 25
0 11 7

o 25 14

1 19 17

·-‹

24 22

2 17 52
3 3 13
3 19 26

4 6 O

 

4 22 38

 

 

 

941ae

 

 

(149 verso)

 

..³ Feri„ ν11
18 ξ 18
Novmbe ἓ Dec 1
ρ R*
5 9 17 2 6 12 55
5 25 51 8 7 1 22
6 12 6 18 7 15 19
6 26 32 30 7 29 3ο
7 11 8 46 8 12 13
7 21 25ι 54 S 20 37
7 27 22 59 8 25 50
8 2 19 59 9 o 56
ὃ 9 21 52 9 9 47
8 20 1 41 9 22 54
9 4 15 28 1ο 7 16 ⁴
0 19 55 16 10 23 24
10 6 11 7 11 9 40
10 23 47 2 11 26 26
11 9 29 O ο 13 6
11 26 5 3 , 0 29 41
o 12 37 10 1 16 5
O S 43 21 2 1 40
1 13 49 33 2 16 3
1 26 5ο 46 2 27 26
2 ὁ 11 55 5 4 54
2 11 45 60 3 9 34
2 16 36 57 3 15 29
4 3 50 3 25 21
3 6 17 31 4 8 28
3 20 36 25 4 '23 53 ’
-1 6 35 14 5 10 4
4 ο 0 5 5 26 37
5 9 37 1 6 13 15
5 26 17 Ο ’ . . .

 

minuta proportionalia

 

3³„

0020

 

 

