TabUla J Ovis. (10 verso)

   
     
  
     
    
    
    
   
   
     
   
  
     
    
   
  
     
              
                      
     
                    
        
              

 

 

 

 

 

 

 

 

 

 

 

 

 

 

 

 

 

 

 

 

 

 

 

 

 

 

 

 

 

 

 

 

 

 

 

 

 

 

 

 

 

 

 

 

 

 

 

 

 

 

 

 

 

 

 

 

 

 

 

 

 

 

 

 

 

 

 

 

 

 

 

 

 

 

 

 

 

 

 

 

 

 

 

 

 

 

 

 

 

 

 

 

 

 

 

 

 

 

 

 

 

 

 

 

 

 

 

 

 

 

 

 

 

.------..----.------------------------------
φ ,Ξ 48 49 50 51 52 53 54 55 56 57 58 59
Ξ Ξ Taurus Gemini c aaaaa Leo qugo Libra Scorpius Sagitt eupator. Aquarius Pisces Aries
ἓ Ξ g n· g m z υ m a ¹ g m ἕ m g ”¹ e m g e m
m 10 10 26 9 24 9 31 11 20 14 32 18 31 21 22 22 34 22 13 20 42 18 26 16 15
Ξ 20 12 29 10 38 10 55 10 52 13 29 17 19 20 56 23 9 23 43 22 47 20 49 18 36
ζ 31 14 44 11 23 10 49 10 38 12 19 14 55 20 10 23 29 25 6 24 58 23 36 21 10

10 17 6 14 12 11 52 10 49 11 35 14 46 19 3 23 30 26 42 26 53 25 42 23 37
{⁴ 20 19 32 16 8 13 10 11 10 11 5 13 17 18 5 23 9 26 59 28 31 28ι 3 26 0
30 21 42 18 9 14 34 11 50 10 53 12 27 16 45* 22 39 27 13 29 56 OAnnI 28 20 ’
10 24 6 20 18 16 18 12 52 11 7 11 41 15 30 21 30 27 17 1Ηπῗ1 1 58 ἐὶωέἓ
Ξ 20 26 26 22 30 18 7 14 3 11 29 11 11 14 17 20 28 27 12 2 5 2 45 2 54
¹ 31 28 59 24 57 20 30 15 40 12 12 10 58 13 27 19 5 26 39 2 44 5 34 4 13
ἢ 10 ξκωὟᾉ 27 14 22 18 17 13 13 14 11 10 12 21 17 46 25 45 3 20 6 58 7 23
Ξ 20 3 25 29 33 24 46 18 59 14 28 11 32 11 52 16 35 24 24 3 9 8 5 9 11
30 5 33 ξυΜ56 26 33 20 50 15 51 12 12 11 38 15325 23 29 2 40 8 55 10 53
10 7 32 4 11 28 49 22 55 17 26 13 10 11 46 14 35 22 11 2 5 9 26 12 24
Ξ 20 9 34 6 20 lLa>2 25 11 19 12 14 24 12 10 13 59 20 53 1 10 9 40 13 41
31 11 13 8 30 3 28 27 16 21 17 15 57 12 52 13 45 19 39 29ω40 9 44 14 43
3 10 12 42 9 26 5 39 23 38 23 18 17 34 13 50 13 53 18 12 27 25 9 18 15 22
Ξ 20 13 57 12 16 7 44 21ῼΞ2 24 22 19 51 15 7 14 14 17 55 26 17 8 28 15 48
ἵ 31 14 58 14 5 10 0 4, 5 27 41 21 28 16 54 14 56 17 39 25 34 7 16 ,15 54
ἕ 10 15 31 15 32 11 56 6 51 29 51 23 29 18 21 15 54 17 40 24 38 6 4 15 40
Ξ 20 15 56 16 48 13 41 8 9 2ιῶω3 24 34 20 ,9 17 9 18 5 24 0 4 40 15 0
ὥ 30 15 56 17 47 15 18 10 19 4 11 27 41 22 5 18 30 18 40 23 27 3 22 14 7
k 10 15 40 18 30 16 44 12 10 6 18 29 52 24 10 20 12 19 40 23 18 2 10 12 58
ξ 20 15 Ο 18 54 17 54 14 3 8 22 {kwpss 26 16 22 9 20 48 23 32 1 18 11 43
0 3¹ 13 59 19 4 19 9 15 46 10 34 4 29 28 41 24 13 22 10 24 ,0 0 19 10 13
Ξ 10 12 55 18 50 19 50 17 8 12 28 6 31 1ῗμ55 27 19 23 59 24 45 29π56 8 57
Ξ 20 11 40 18 23 20 11 18 23 14 12 8 43 3 8 28 29 25 45 25 52 29 53 7 50
Z 30 10 20 17 33 20 19 19 26 14 49 10 45 5 25 amn 27 12 Avmn

 

 

 

 

 

 

 

 

 

 

 

 

 

      

 

 

 

 

 

 

 

 

 

 

 

 

ξ 10 9 2 16 32 20 16 20 7 17 14 12 43 7 36 2 58 29 55 28 48 0 45 6 23
’ξ 20 7 55 14 20 19 50 20 29 18 29 14 37 9 47 5 18 ἒῳωγ9 έῆκξ6 1 39 6 12
a 31 6 57 13 51 13 57 20 43 19 33 16 19 12 4 7 50 4 38 2 39 59 6 13

 

 

 

 

 

 

 

 

 

 

 

 

 

 

 

 

 

 

 

 

3 10 6 21 12 32 18 1 20 30 20 13 17 45 14 5 10 8 6 48 4 40 4 23 6 39
Ξ 203 6 8 11 22 17 44 20 40 20 35 18 58 15 37 12 23 9 21 6 56 6 1 7 18
Ξ 31 6 15 10 28 15 40 19 12 20 58 20 6 16 50 14 47 11 57 9 25 8 1 8 23
ἐξ 10 6 39 9 36 14 12 18 19 20 34 20 47 18 23 17 7, 14 18 11 45 1ο 14 9 39
²} 20 7 17 9 14 13 1 17 3 20 5 21 11 19 43 19 7 16 49 14 7 12 9 11 10
ἐ 28 8 2 9 12 12 7 15 54 19 20 21 25 21 40 20 31 18 30 16 2 13 55 12 36

 

 

 

 

 

 

 

 

 

 

 

 

    

 

921826

