(ιφ recto) Tabula Mercurii. Tabula Mercurii,

 

    

 

 

 

 

 

 

 

    
   
   

 

 

 

 

 

 

Ξ ἢ 3ο 31 32 33 34 35

ξ ξ Libra Libra Vfrgo Virgo Virgo Virgo

Σ gmeng>¹uemg=uffm

5 2411 253 Ι9 54 335 1127 2647 512 15 5 5 859 323 1224 25 49

10 0 553 12 50 28 50 11 14 15 43 22 22 o< 10 16 58 3 7 9 50 1011 21 0 A? 19

ἒ 15 8 19 2123 8η 5 19 53 17 24 18 36 Ξ 15 19 45 28 3⁰5 12 53 17 43 29 b41 12 34
Ξ 20 16 53 ⁴2:¹50 17 2 26 33 16 14 16 15 Ξ 20 20 16 26 15 18 3 25 44 8η) 20 20 27
ξ 25 25Γ 40 10 26 2T6 HS T1aum 56 13 22 16 25 5³³ 25 19 31 24 8 24ὣ m8 4⁸²⁵ 9 16 51 28 1
31 6 51 21 41 6 41 5 25 7 35 21 3 30 16 27 27 41 1 b14 12 36 25 22 84⁰rp7

Tau urus , Lino Scorp.

5 1611 o 51 12 49 5 43 4 10 2371534 5 23 50 1 35 8 56 21 10 1 25 9 28

10 26 46 9 53 18 53 3 21 4 50 4 2 10 10 41 6 50 16 59 29 44 11 1 13 31

Ξ· 15 guum} 18 27 22 47 27r 45 7 25 12 3 Ξ 15 13 27 13 21 2530 38 380νρ9 17 52 15 24
Ξ 2ο 13 38 25 2ηο 24 22 24 27 12 8 2012 {3 20 16 8 20 22 530 48 16 21 23 47 15 42
25 23m 53 szm 53 23 31 23 9 17 42 2T9w329 25 20 49 27 54 12 29 2ς4ψ116 ²523? 13 43
30 62””32 85419492416 2715 957 2751 8ω8 2241 31 1371017

Ται soop.s⁰1.gtt

5 11 55 12 13 15 0 27 46 4 30 13 25 4 25 16 35 2 8 9 24 2 31 8 8

10 18 15 13 2 11 53 ζωῇ 13 14 27 55 Q 12 37 28 12 9 24 14 46 2 5 810

Ξ 15 24 45 11 10 11 34 10 28 ²2 ,25 (3⁶7¹ss {1015 20 44 {gul} 16 44 18 16 ’287οἙ5 9 53
ἓ 20 29 25 6 51 13 50 18 20 G1em4u8 16 57 Ξ 20 29 9 12 26 23 57 19 31 24 41 13 15
25 cingal 2 3 18 23 26 49 11 20 25 57 ξ {55735‘0 21 4 29 56 18 56 23 57 19 19
31 1 2 20511εὲ5 26 10 G7m¹4nI 22 42 65,,,650 16 51 29 6 C4 27 15 56 24 56 26 4
W —0———————- ,ΠΡ c Smn-
52648 020 351173 220140 2053} 648 656 1254 2727 329
10 21 36 3 45 12 16 26 36 11 14 21 4 x 10 419 13 52 7 17 9 16 sang-2 12 1

Ξ 15 18 1 9 29 21 9 ί6ηω3 20 4 25 25 Ξ 15 12 52 19 35 4 31 8 17 10 55 2011
Ξ 20 17 30 16 17 egnes& 15 23 28 17 28 24 Ξ 20 20 59 24 14 0112 11 13 15 57 29 ,5
25 19 46 2ἐω1ε11 9 43 24Μ39 5ιω39 oLesso Ω 25 {gnari-4 24 55 283ng 18 40 ,2.ί3ψ45 Cgffl9
30 24 20 2 50 19 6 3 32 11 38 27 7 31 6 0 22 35 25 10 24 6 4 45 18 6

c aaaaa σφα.
5 0 43 1143 28 27 1153 15 37 22 3 5 10 34 19 6 26 29 136 13 43 28 28
10 8 11 20 58 7ιῗ36 19 17 17 22 18 9 υἱ 10 12 47 414 10 cIaprg} 8 26 22 3 147ᾳί1126
ἓ 15 16 31 6ω1 16 29 2ὶ5.743 17 17 16 Ο Ξ 15 12 25 11 19 6 20 17 22 Agnos& 15 37
Ξ 20 25ιο4 9 28 214'7208 0¹63} 12 27 16 34 Ξ 20 10 2 11 30 13 41 24606 11 40 ²21}- 22
25 3ε51 18 36 21632 3 13 7 30 19 45 b* 25 3 38 14 12 21 33 249 19· 38 056434
31 14 50 28 14 10 16 3 7 3 27 24 17 31 O 27 20 29 Αέιωῖᾎ, 17 6 TWSS 7 31
Virgo Leo eapse.
5 ²353? 7 24 15 32 (Ξ 3 4 5 3 13 5 27 28 {gfff 11 27 42³2? 9 21 10 35
m 10 2 57 15 28 18 30 25 45 6 56 10 55 ‘:''> 10 3113αᾶἶὸ 5 23 219³OE 47 5 48 16 42 11 7
Ξ 15 1136 2212 18 58 22 14 10 57 21 32 Ξ 15 5 15 13 54 018 14 31 22 58 9 14
Ξ 20 20 8 27· 6 17 37 21 2 17 40 2746 Ξ 20 12 49 23157 9 512331 27 15 4 7
ς 25 27ῥ 50 Δ12ιό27 14 6 22 49 24¹ 49 ι77νὲ207 ἒ 25 20 19 12156254 19 23 11ηω5 29 22 O 17
31 ¹6W⁴g5⁰7 4 39 9 59 7 42 “54 17 5 28 21 4 S 47 24 39 5 21 29 17 3354
Ἲ Α-ῙΓ leahuiuspaginaei 11de.l t lgt d.2L

