Locus verus Solis, Lunae et planetarum a. 1301

Aequinoctium 12 Alart. 7h p. m. T. m. civ. fllontz'spesszclam‘. Plenilunia 2 5. Mart. 8³¹24¹¹¹ a; 2 3 Apr. Ιο’“ p. m.

σωρωωῧυαωμ

 

              
             
     

ωῦηωωρωωῦᾳ

ωωρωωῠᾳοωρω

ωΰηοωρωωῦω

           

ωρωωῦυαωρω

 

οεοωρωωῦῆα

 

 

Ξ

 

 

 

 

Leo

Leo

Leo

Leo

Leo

 

21 2512 Taurusn 43 12 Leo

212318
212124
21 1930
21 17 36
211542
21 13 48
21 1154
2110 o
21 648

21 336
21 024
205712
2054 ο
205048
204736
204424
254112
2038 0

2035 44

2033 28
2031 11
2028 55
20 26 38
2024 22
2022 6

201949
²0 17 33
201516
20 13 o
20 11 42

 

21 52 48
22 224
22 12 ο
22 21 36
22 31 12
22 4048
225024
23 0 0
23 16 39

Tauru823 33 91

2349301
24 6 0?
242230
2439 0
11455 30>
2512 o
25 28 3οἓ
²545 0=
25 4916}

Leo

Taurus 25 53 33 Leo

25 57 49
26 2 5
26 622
26 10 38
26 14 54
26 19 10
26 23 37

26 27 43
26 3² 0

26 45 24

S Gms

 

S

20 10 24 Taurus26 58 48 Leo

20 9 6
20 748
2ο 630
20 5 12
20 354
20 236
20 1 18
20 0 0

1959 0

1958 o
19 57
19 56
1955
19 54
19 53
19 52

000000000

27 12 12
27 2536
27 39 0
27 32 24
28 548
28 1912
28 32 36
28 46 ο
28 59 54

Τ11111Ὶ1329 13 48
29 27 42
2941 36
29 55 30
Geminlo 924
023 18
037 12
051 6
1 5 0
1 1812

Gemini 13124
14436
15748
211 0
22412
23724
25036
3 340*
317 o
330 6

 

Leo

Leo

9 3

9 1 7
859 6
857 5
855 4
853 3
851 2
8 4 1
847 ο
844 9

843 1
841 5
840 0
8395
8390
838 5
839 0
840 3
842 0
843 1

853 6
9 212
91218
92224
93230
94236
95242
10 248

. 101251

10 23 Ο
10 33 24

Gms

10 43 48 Aries

105412
11 436
1115 0
112524
113548
114611
115636
12 7 ο
122642

 

Aries

Aries

S

12 46 24 Aries

13 6 6
13 2548
1343 30
14 512
142454
144436
15 418
15 24 o
154718

16 10 36
16 33 54
16 57 12
17 20 30
17 43 48
18 7 6
18 30 24
18 53 42
19 17 0
1940 18

 

Aries

6 224
84612
1130 0
12 25 48
13 2136
14 17 24
151312
16 9 0
164412

17 19 34 Aquar. 12 54 48 Pisces

1734 36
182948
19 5 o
191124
1917 48
192412
193036
19 37 0
19 246

18 2812 Aquar.24 2836
1753 48 2534 24
17 1921 264012
1645 0 2746 0
1546 30 28 4324
1448 0 2940 6
13 49 30 Pisces 036 48
12 51 0 1 33 30
115230 23012
1054 0 326 0
85836 433 12

G 111 S

Gnis* S

2 13 454

32724
440 0
55336

7 71z
82048

934 24
10 48 0

115124

13 58 12

1

            

0 Aries 3 18 36 Aquar. 1 0 123Pisces 18 51 39 Scorp. 25 39 50 4 58 o

15 1 36 Aries

16 5 ο
171924
183348
194812
21 236

2217 o'

²3 22 48

4

 

Aries

S

7 3 12 Pisces 5 40 24 Aries

,5 748
31224
117 0
22212
32724
43236
53748
643 0
7 112

104324
1133 12
1223 0

13 30 48

14 38 36 Pisces 27 47 36 Taurus 8 37 41 Libra 10 42 o 4 2 o

15 46 ²4
16 54 12 Aries
18 2 o

=1932 24

21 248
223312
24 336
23 34 0
27 4²4

17 35 ²4

18 28 12 Taurus 0 54 46

1921 0
2030 0
2139 0
2248 0
23 57 0
25 6 0
262648

                  

29 824
02912
150 0
25224
35448
45712

55936
7 2 o

821 0

24 Pisces 16 42 36 Aries 28 58 13 Taurus 20 11 42 4 59 16

19 50 20 Sagitt. 8 1 38 4 44 34

2051 1 2035 9416546
21 51 42 Capric. 3 10 6 3 36 20
²2 4946 1517 55 248 27
234749 271316 15250
24 46 53 Aquar. 9 1248 052 35
254555 2127 701050
26 44 57 Pisces 4 1 11 1 16 42
274354 1646 8219 0

28 42 51 Pisces 29 46 56 3 15 4.οΘ
2941 32 Aries 13 1 29 4 248
04024 263511439 8

 

13915 Taurusxo36 645638
23829 25 294580
337 32 Gemini 933 48 44036
43640 2346234 6 6
5 35 48 Cancer 7 39 33 3 17 28 ἱ)
63447 21444121545
73343Leo 68361 40

83228Leo 2029400925
931g3Vii-g0 2303711148

103058 1745 822629
112943 Libra 1322532424
122841 1413164 83)οΦ
13 27 39 265916 43920
1426 37 Scorpio92651 45610
152535 2134 4459 0
1624 33 Sagitt. 3 41 1 448 58
Ι7233Ι 53251 42552
1821 6 272842 35115
G m s S G m s Gm

 

 

191841 Capric. 95814 3 4 6(
201616 2²3733 2 740
211351 Aquar. 5 5461 512
221125 1723390 215
23 948 ²931 7 1 035
24 811 Pisces 12 2657 2 448
23 634 2524503 248
26 457 Aries 843 53 35318
07 820 2113558432 20

{8 1 12 Taurus 6 4²1 453 32

29 57 35 Gemini 4 42 53 4 4543
19 35 5ο 4 13 21
¹ 5² 38 Cancer 4 34 45 3 37 56

25141 19 65322136
34844Le0 3 9 3 112243
44647 1643210 210
54450 Virgo 042281 936
64354 44222521733
745 48 27 43²5 2 15 5²

935 34 232238 434 58

1033 29 Scorpio 5 49 45 4 53 59 0
113125 18 736500
12 29 18 Sagitt. 0 18 20 4 52 o
132712 1216 643050
1425 6 24 13735748
15 23 0 Capric. 5 42 18 3 12 28
162052 1721 422550
171827 2936 32 12720

