Argumentum lunae aequatum. Finis.

 

 

 

 

1244
11915
2519
21723
3258
31157
31716
32215
4031
41238
4279
51312
52939
61616
7256
71933
8559
81953
9623
91817
92636
10111
10626
101554
102848
111351
112910

Augustus

01631
135

11954

 

56

3
0
1

 

 

 

3521
32223
4326
41030
4159
42124
5134
5155

610 29

’61642

7316
71955
8534
8236
9920
92444
101423
101826
102440
102918
11624
111727
0131
0178
1329

1 20 ,1
September

2644

Ὀ N 0 N 10

18
30

54
59
58
52
40
26

7

1
Ο

 

 

 

 

 

 

 

 

 

 

Ξ 52 ,Ξ
Ξ* Ξ {³
0 0 0
2 ς 2 μ 31 ·÷ 30
Ξ. ἓ ἐ
e ε ε
:- ¹:- 2²-
September fi O t 1 33 Νῦν b g December
Ξ ¹² Ξ
m ξ g g

22329 3 32757 6 413592 51735
3 9 44 11 4 13 20 15 5⁰0 31 10 6 4 0
3 2554 21 4 29 4 28 5 16 40 20 6 19 40
411133 51322 40 6146 32 744
4 23 56 46 5 24 29 52 6 14 53 45 7 15 57
5 310 56 6150 58 62422 53 723 7
5838”6Ο 6629 59 70160 72650
513 33 57 612 31 55 7 4 48 58 8 3 38
5 21 33 50 6 22 27 43 7 17.34 51 813 23
6 326 38 7 550 31 72415 38 826 36

 

61756 24 721 9 19 8839 25 91149

 

7 350 14 8 420 9 82429 13 92827
717 26 5 8 23 53 3 910 54 5 1014 31
8653 O 91032 o 92730 11118
823 33 0 92710 2 101411 Ο 1118 5
9109 4 101344 8 11045 4 0423
9 25 36 12 10 29 29 18 11 1715 12 0 20 40

1013 3 24111528 30 315 231613

10 27 11 36 11 29 8 43 17 58 33 1 20 0
11 14 31 59 016 O 59 8 48 57 2 7 20
1122 33 60 0 20 36 59 14 2 60 2 1155

19 10 56 2 18 25

0

0
11917 49 0939 53 1018 48 2039

1

1

1127 53 56 0 27 28 52 1

1

ὁ 6 50 44 1 819 41 27 52 48 2 29 29
019 36 24 1 2211 29 210 22 35 312 25
1 431 22 2 747 16 22511 22 328 27
1 20 34 11 224 6 7 31112 12 414 44
275 4 31646 2 31829 4 5159
22341 0 32821 Ο 41436 0 51659

October
310 23 1 . . . . 5 0 30 1

 

 

 

 

 

 

61 9719

 

