Argumentum lunae aequatum.

 

 

8129 2 1163

7 430 23 81029 28 82812 22 10112 27 101852 22 112152 27
72215 35 8241642 91324410158411135034 0558 40

1
2
3
4
5 8 4 37 45 9 4 58 52 9 25 37 47 52 11 16 34 40 017 5 52
6 8 1312 57 91141 59 10 4 26 56 11 2 58 59 1125 40 57 0 24 17 58
7 8 18 22 60 9 16 15 59 10 9 29 60 11 7 35 59 0 1 3 60 0 28 55 59
8 8 23 30 56 9 22 52 53 1014 44 59 11 13 58 54 0 6 0 57 1 5 7 54
9 9 210 48 10 3 6 42 10 2310 47 112417 43 01411 44 11511 44
10 914 39 35 101511 29 11 2 24 39 0 7 55 30 O 2613 37 128 39 31
11 9 29 26 22 11 2 42 17 1120 7 23 013 21 18 110 48 24 214 1 19
0 6 6 12 1 937
0 22 40 4 12612

8

2

14 111834 O 02212 Ο 1910 Ο 21250

3 12551 1 22927
9

0 ω 0 N ω
ω
0
,β
ΕΙ)
0
4..
ιι
3
ω h) Φ Ν Ὀ

212 26 5 317 1
17 1 8 13 15 21133 20 2 28 51 14 4 213 19 419 31 13 5 22 52 18
18 124 2 25 2 26 48 32 3 2 43 25 417 34 31 5 5 26 24 6 8 18 30
19 2 8 21 39 3 20 5 45 3 2011 37 5 1 0 44 519 51 31 6 2151 42
20 2 19 52 51 319 55 55 410 55 50 511 1 55 6 157 50 7 2 7 54
21 2 27 30 56 3 25 46 60 4 18 46 57 5 17 7 59 6 10 1 57 7 8 26 59
2 212 60 4 0 28 58 4 23 35 60 5 2148 58 6 14 57 44 713 3 58

 

3 7 59 55 4 7 57 52 4 29 11 55 5 29 1 52 5 20 23 55 7 20 2 52Ἰ
317 40 45 4 19 21 39 5 8 35 45 61011 40 6 29 33 59 8 1 2 41Ϊ
4 0 52 32 5 3 40 26 5 21 19 37 6 2419 27 712 23 34 814 1 27,

’δὶᾶἓξὶῗὲῗ

4 15 43 20 5 19 22 15 6 6 24 21 7 10 1 15 7 27 23 21 9 0 42 16
27 5Ε υἷϊ-2 16 6 {mk-46* 6 6 22 50 10 7 27 2⁴2 6 8 13 28 Ο 9 17 1 7
28 518 45 3 6 22 22 1 7 1ο 2 3 812 59 1 9 0 O 3 10 3 35 l¹
29 5 26 20 0 7 9 22 Ο 70125, 59 Ο 8 29 38 Ο 9 16 37 0 10 20 16 0¹
30 6.. 2. . 81240 2 . 10 317 1 ,11

