 

(26 recto)

1300 Anno Domini Argumentum Lunae aequatum incipit.

 

 

 

 

 

 

 

ιτ am d Feriv ω
‚g Die 22 ’.Ξ 21 ’Ξ
1 5 4 28 3 6 8 5 5
2 5 21 1 9 6 24 30 14
3 6 6 48 20 1 7 10 20 25
4 6 2 2'4 32 7 24 45 38
5 7 5 9 45 8 6 28 45
6 7 15 12 52 8 14 16 57
7 7 21 17 60 8 19 4 60
8 7 25 57 58 8 24 43 55
9 8 3 31 52 9 4 6 45
10 8 14 57 39 9 17 14 32
ζ11 8 29 13 27 10 217 21
312 9 15 o 5 1018 27 10
113 10 123 6 114 59 3
14 1017 59 1 1121 37 0
15 11 4 39 O ο 817 2
16-112116 4 02452 7
17 o 6 46 11 1 11 10 16
18 0 23 48 22= 1 26 48 28
19 1 S 23 35 2 1ο 44 41
20 1 21 13 47 2 21 36 52
21 1 29 58 56 2 28 3ο 59
22 2 5 3 60 3 3 11 59
23 1015 57 3 9 3ο 54
24 2 18 44 48 1319 52 43
25 3 1 2 35 4 3 51 30
26 3 15 44 23 4 18 59 18
27 4 2 44 12 5 514 8
'28 4 18 15 4 5 21 47 2
29 5 4 46 Ο 6 8 27 0
30 5 26 33 1

 

 

 

71014
727 49

139

 

0

 

n -.———— ... ——

 

d Fer 1
Ξ
ἐ 19
g· ———
Ξ ω.
ς e
2 7 28 41
6 815 9
19 9 1 3
31 9 15 34
44 9 27 29
55 10 5 32
59 1010 7
58 1015 55
52 10 25 7
40 11 8 0
27 1122 59
25 o 9 6
6 0 25 38
1 1 1215
Ο 128 54
3 2 15 29
11 3 2 50
22 3 17 29
35 4 1 34
47 412 39
56 419 50
60 4 24 25
57 5 0 38
49 5 10 46
37 5 2415
24 6 9 38
12 6 25 51
4 712 25
0 7 29 4
O

 

176

047

7 ¹2 59
7 29 16

816 6

9 2 42

 

 

 

 

 

29 44
16 13

19 44

 

