 

' Tabula Solis Tertia.

 

Φ ω Q Φ 01 a> ω [0 μ Numerus 1 iurum

&255’5551351323'5

17 50 11
18 48 45

19 47 19 “

20 45 53
21 44 26
22 42 27
23 40 28
24 38 30
25 36 31
26 34 32
27 32 37
28 20 43

29 28 48
Taurus

16 50 ο
17 47 33
18 45 36
19 42 39
2ο 40 13
21 37 59
22 35 45
23 33 31
24 32 17
25 29

26 26

16 28 20
17 25 21

18 22 32 ’

19 19 43
20 16 55
21 14 5
22 11 15
23 8 25
24 5 35

25 2 45’ “

26 0 16
26 57 47
27 55 18
28 52 39

29 50 90Ι

11 14 48
12 12 0
13 9 10

14 6 21

944249

15 3 32
16 0 44
16 57 56
17 55 8
18 52 20
19 49 40
20 47 0
21 44 20
22 42 40
23 39 0
24 36 44
25 33 29
26 32 13
27 29 57
28 27 42
29 2ῒ 54

Le
o 22 6

1 19 18 ¹

2 16 29

 

14 45 3
15 42 27
16 39 51
17 37 15

’ 18 34 39

19 33 2
2ο 31 24
21 29 47
22ζ28 10
23 26 32
mma
25 22 43
mmm

’ 27 18 54
28 16 59 ¹

 

 

