 

 

 

 

 

 

 

 

 

 

 

 

 

 

 

 

 

 

 

 

 

 

 

 

 

 

 

 

 

 

 

 

 

 

 

 

 

 

 

 

 

 

 

 

 

 

 

 

 

 

 

 

 

 

 

 

 

 

 

 

 

 

 

 

 

 

 

 

 

 

 

 

 

 

 

 

 

 

 

 

 

 

 

 

 

 

 

 

 

 

 

 

 

 

 

 

 

 

 

 

 

 

 

 

 

 

 

 

 

 

 

 

 

 

 

 

 

 

 

 

 

 

 

 

 

 

 

 

 

 

 

 

 

 

 

 

Inclplt tabula in Almanach Jouis perpetuum continens a. revol. sue 83. (8. verso)
Ξ τ 1300 Ι 1 3 4 5 6 7 8 9 ’10 11
Ξ :rh-Tu gaurus Γ, Cancer Leo Virgo Scorpiu. nummu< Capacum, Aquarius Pisces Aries
Ξ m ν m g g ν g »υ g m g m m Ι
’ἒ 10 23 34 23 0 22 22 23 7 25 13 29 14 3 5 4 57 5 44 4 44 3 29 0 33
ἔ 20 26 47 25 45 23 17 2317 24 47 28 10 2 9 5 11 6 45 6 33 5 0 3 10
31 29 25 26 32 24 41 23 38 24 14 27 49 O 56 4 56 7 31 3 25 7 30 5 25
Taurus ·
Ξ 10 1 47 Ξξωίὶξ) 26 11 24 13 23 55 26 47 2Ι9ὼ41 4 30 7 54 9 49 9 37 7 48
Ξ, 20 4 10 1 4 28 49 25 9 24 1 2457 2825 3 25 8 9 11 0 11 36 10 7
30 6 31 3 17 29 39 26 23 24 20 24 53 27 10 2 21 7 45 11 55 1319 12 31
Q 10 8 54 5 33 10111639 27 44 25 4 24 4 26 9 001351 7 24 12 30 14 57 14 43
’,ξ 20 11 19 7 53 3 34 298020 25 49 24 10 25 12 29 ⁴1537 5 38 12 38 16 22 16 46
31 13 47 10 27 6 5 1 13 27 27 24 30 24 36 28 39 5 27 12 43 17 31 18 51 ’
ὲ 10 15 34 12 45 8 15 3 3 28 27 25 1 24 25 27 18 4 13 12 27 18 23 20 39
Ξ 20 17 47 15 1 10 30 5 8 οιπὲσῐ 26 1 23 58 26 46 2 54 11 51 18 40 22 7
30 19 41 18 3 12 45 7 12 1 32 27 6 24 48 25 49 1 36 10 53 19 10 23 25
Ὦ 10 2125 19 191 15 2 9 31 3 25 28 26 25 11 2429 O 20 9 47 19 2 24 30
Ξ 20 22 26 21 19 17 13 11 48 5 32 2191157 26 5 25 30 99gst99 8 20 18 35 25 11
31 24 18 23 24 19 35 13 54 7 49 1Π4α2 27 20 25 51 28 33 7 1 17 40 25 37
ἔ 10 25 14 25 7 21 40 16 7 10 57 3 42 28 41 26 21 27 39 5 45 16 30 25 41
{n 20 26- 13 26 40 23 39 18 15 12 50 5 42 {coria} 27 17 27 16 4 38 15 24 25 36
⁴¹ 31 26 24 28 7 24 40 20 40 14 27 7 59 2 9 28 29 28 39 4 34 13 58 24 51
Ξ 10 6 26 29 1128 26 21 37 16 38 10 2 4 1 29 44 29 11 3 20 12 39 Ι23 59
,Ξ 20 26 9 29η 50 29 2 24 38 19 47 12 11 6 4 {agit-{k gam} 3 5 11 27 22 49
⁷⁴ 30 25 35 0 23 0 ‘⁰13 26 24 20 49 14 34 8 6 3 19 1 14 3 19 10 26 21 32
Ξ 10 4 41 0 38 1 18 28 6 22 51 16 36 10 15 5 18 2 38 3 46 9 42 2111
ἐξ 20 23 35 O 29 16 2ι9η301 24 47 18 38 12 14 7 14 3 14 4 27 9 20 18 57
31 22 14 99m 53 2 37 1 ⁵ 0 26 46 20 53 14 45 9 33 6 11 4 39 9 16 17 20 s
ξ 10 20 54 29 24 3 24 2 8 28 25 23 2 17 5 11 47 8 8 6 59 9 41 16 45
Ξ 20 19 37 28 13 3 50 2 54 23th 24 55 19 15 14 2 10 11 S 31 10 13 16 9
“ 30 18 30 26 58 2 56 3 20 1 α8 26 45 21 24 17 18ὲ 12 22 10 26 11 6 15 53!
Ξ 10 17 35 25 51 2 47 3 41 2 15 28 25 23 30 18 33 14 36 12 11 1218 »15 56
»Ξ 20 15 56 24 24 0 49 3 38 3 3 29 54 25 30 20 47 16 56 14 18 13 43 16 23
'² 31 16 38 23 5 2C9u 99 3 9 3 29 Slaeorpilzag 26 32 23 17 19 34 16 53 14 11 17 7
J} 10 16 43 22 17 28 10 2 25 3 46 2 26, 2915 25 25 21 50 18 44 17 23 18 3.
ἐ 20 17 10 21 20 27 57- 1 26 3 33 3 11 6⁶3⁵!sp 27 30 24 12 21 14 19 22 19 21
1 31 17 54 2Ὲ 25 33 Ο 41 3 12 3 42 1 19 ((11ψῖ1 26 33 24 50 21 43 21 0
1ς 10 18 53 20 31 24 31129ω26 2 28 4 5 3 30 2 28 28 55 27 12 23 57 22 40
'sp 20 20 10 20 58 23 341 28 17 1 35 3 54 4 ιο 3 7 ‘1⁴¹'W'0 28 34 26 15 24 33,
'³‘— 28 2172473721 27 23 18126 45 O 417 2 39 ,1 43 4 26 2 47 οΠςη2ς8 28 8 26 2611 '

 

 

 

 

 

 

 

 

 

 

 

 

 

 

 

 

 

 

 

 

 

 

 

 

 

 

 

 

 

 

 

 

 

 

 

 

 

 

 

 

 

 

 

 

 

 

 

 

 

 

 

 

 

 

&2142ss

 

