 

 

 

 

 

 

7
e

0 31450

0 3160

O 31710

0 31820

Ο 31930

0 32040

O 32150

0 3230

O· 32410

0 32520

O 32630

0 32740

O 32850

ι0300 1001300 200 2300 300 3300
03010 1020 13030 2040 23050 310 33110
03020 1040 1310 2120 23140 320 33220
03030 110 {3130 220 23230 330 33330
03040 1120 1320 2240 23320 340 33440
03050 1 140 13230 2320 23410 350 33550
0310 120 1330 240 2350 360 3370
03110 1220 13330 2440 23550 370 33810
03120 1240 1340 2520 23640 380 33920
03130 130 13430 260 23730 390 34030
303140 1320 1350 2640 23820 3100 34140
ἰο3150 1340 13530 2720 23910 3110 34250
30320 140 1360 280 2400 3120 3440
1103210 1420 136 30 2840 24050 3130 34510
}03220 1440 1370 2920 24140 3140 34620
j03200 150 13730 2100 24230 3150 34730
’03240 1520 1380 21040 24320 3160 34840
1032 50 1 540 138 30 21120 24410 317 0 34950
0330 160 1390 2120 2450 3180 3510
03310 1 620 13930 21240 24550 3190 35210
y'03300 1640 1400 21320 24640 3200 35320

 

 

 

§QUO ρξ’

