 

 

 

 

 

 

 

 

 

 

 

 

 

 

 

 

 

 

 

 

 

 

 

 

 

 

 

 

 

 

 

 

 

 

 

 

 

 

 

 

 

 

 

 

 

 

 

 

 

 

 

 

 

 

 

 

 

 

 

 

 

 

 

 

 

 

 

 

 

 

 
 
  

 

 

 

 

 

 

 

 

 

 

 

 

 

 

 

 

 

 

 

 

 

 

 

 

 

 

 

 

 

 

 

 

 

 

 

 

 

 

 

 

 

 

 

 

 

 

 

 

 

 

 

 

 

 

 

 

 

 

 

 

 

 

 

 

 

 

 

 

 

 

 

 

 

 

 

 

 

 

 

 

 

 

 

 

 

 

 

 

 

 

 

 

 

 

 

 

 

 

 

 

 

 

 

 

 

 

 

 

 

140& Tabula jonis. (9 vcro)
ιζ] ,Ξ ,4 25 27 28 29 50 31 52 33 54 35
> 3 mmm own„ Leo Virgo Lib Scorpius sagitt. Capria. Aquarius msces Aries
’Ξ ξ μ a ¹¹¹ 21 ,ς’ m g 111 11 1¹· g m
»ἶ ,
W 10 2 15 O 50 0 49 2 Ο 5 6 9 Ο 12 4 15 52 15 59 12 12 10 41 8 17
ΕΞ 20 5 ’41 2 57 1 33 1 46 4 3 7 44 11 35 14 14 15 14 15 44 15 2 10 52
κ’ 31 7 6 4 57 2 42 2 4 3 O 6 -14 10 30 14 13 16 44 16 44 15 41’ 15 18
10 «1 27 6 52 4 1 5 25 2 28 5 6 9 26 13 58 17 5 18 18 17 41 15 45
Ξ 20 11 50 8 51 5 29 5’ 5 2 25 4 5 8 10 13 23 17 29 19 50 19 48 18 9
’ 30 14 9 10 45 7 7 4 0 2 54 3 14 6 53 12 23 17 40 21 1 21 45 20 26
10 1 20 12 57 8 54 5 15 2 57 2 53 5 40 11 19 17 30 21 56 25 57 22 44
20 18 52 15 12 10 52 6 58 5 52 2 32 ’5 24 10 16 16 58 22 51 25 11 24 44
31 21 22 17 46 11 10 8 25 4 56 2 57 3 55 8 42 16 11 22 56 26 49 27 7
10 5 55 20 16 15 17 10 9 5 47 2 57 3 7 7 25. 14 57 22 58 27 49 29η, “3
20 5 41 22 52 17 28 12 4 7 11 5 57 2 53 6 18 13 45 22 40 28 49 0 45
30 7 49 24 52 19 40 14 58 8 45 4 50Ι 2 39 57 23 12 24 21 55 29 9 2 19
10 29 52 26 44 20 56 16 9 10 28 5 41 2 55 4 56 11 7 20 58 29 24 5 33
’Ξ 20 ’2”””’1’8 27 41 24 10 18 14 12 24 7 7 5 58 4 32 9 56 19 50 29 16 4 55
31 3 55 1CWN4 26 36 20 58 14 55 8 49 4 54 4 57 8 55 18 25 28 51 5 16
,Ξ 10 4 11 2 55 28 45 22 41 16 54 10 52 6 21 4 56 8 15 16 2 28 3 5 52
Ξ 20 5 6 4 44 οὶέῗῃ 25 o 18 45 12 25 7 58 5 50 7 51 15 53 27 3 5 55
-c 31 5 46 6 14 2 56 27 22 21 4 14 50 9 25 6 55 7 50 14 42 25 36 ι5 471
ἒ 10 J 16 7 51 4 40 21974208 25 15 16 59 11 7 7 45 8 16 13 34 24 19 4 52
2} 20 6 18 S 33 6 19 1 ’51 25 27 18 48 15 5 9 10 8 50 13 15 23 2 4 3
ὥ 30 6 1 9 13 7 51 5 21 26 54 20 59 15 5 10 50 9 45 13 3 22 8 3 0
k 10 5 19 9 45 8 8 5 12 26 57 25 8 17 16 12 57 10 58 15 17 21 14 1 ,42
,ἔ 20 34 9 57 10 14 6 54 2ι8ὠν42 25 27 19 22 14 51 12 21 15 50 20 5 0Λ 19
ν 31 3 20 9 44 11 2 8 29 0 45 27 55 21 44 16 42 14 91 14 36 19 41 28r 15s7
Ξ 10 2 6 9 15 11 24 9 44 2 30 {29 40 24 21 19 0 15 58 15 45 19 38 27 48
ἐ 20 O 47 8 32 1142 10 47 5 7 1ωρ’15 2614 21 12 17 52 16 6 20 1 26 54
⁷0⁴ 30 29”’29 7 52¹ 11 36 11 3 7 54 3 47 28 22 23 28 20 2 17 2 20 41 26 17
,ζ 10 ι 28 11 6 13 11 12 12 0 8 51 5 37 3wa 25 45 22 14 20 2 21 3 26 3
Ξ 0 27 24 4 55 10 26 12 15 9 54 7 15 2 40 {zris 24 30 22 17 22 51 26 25
Ἢ 51 26 41 3 32 9 19 12 7 10 58 8 48 4 40 0 33 26 59 24 52 24 28 26 59
Ι,Ξ 10 26 23 2 17 8 9 11 41 11 3 10 14 6 41 2 45 249Μί1 26 44 25 48 27 15
’Ξ 20 26 34 1 34 7 53 10 57 12 19 10 57 8 24 4 44 2 54 {anio 27 58 27 58
“ 31 27 9 O 37 5 28 9 52 12 58 12 1 10 15 7 14 4 20 1 55 28 49 29 55
3} 10 27 40 29” 32 4 12 8 42 11 39 12 22 11 26 9 50 6> 57 5 55 1Αω57 {duraz
128 55 0 ι 3 19 7 23 11 54 12 40 12 37 11 5 8 55 6 52 4 9 2 48
ιΞ-ι- 17 O 25 2 38 6 17 10 7 12 37 15 18 12 28 11 59 8 14 5 59 4 15¹

 

÷e 16 ς

