Argumentum lunae aequatum.

 

, ———-—.

-ξ

 

101710
11 259
111840
0 559
02239
1915
12544

2 1 1 46
Maius

 

 

g ᾖ.

ffl'——

a -—-—

—— 0 ——— 0 ᾖ.

,Ξ ——-.S ᾕ-

7929

72610 5 82938

812 29 15

915 49

82817 27

10 1 4
39
51

58

912 37 1014 22

9 2410 10 2413

10 149 11018

10726 6011448758 0331
51 101218 55 11 1216 52 0 12 53
39 10 21 55 45 11 23 38 39 0 25 53

11 5 8 33 018 52 27 120 58
15 112019 20 0 23 36 18 1 26 5
5 0543 1Ο 1917 6 21337
1 0 23 0 3 1 26 36 1 3 o 20
0 1937 0 21315 0 31654
4 1 26 16 2 3 053 4 4 3 8
12 212 51 7 3 20 23 11 419 48
22 2 2910 17 4 2 25 22 5 5 25
35 3 14 44 28 4 17 18 35 5 19 23
48 3 28 35 41 4 19 56 47 6 0 21
57 4Juugs18 52 5Ju¹gs46 56 6 7 22
fio 4 16 3 59 5 13 56 60 ἔῃῗῗωο
57 59 5 19 5 57 6 18 18

53 527 28 49
6 941
624 22
710 20
726 48

81325

 

9035

   

16 5 23 6
23 6 8 50
41 6 20 54
52 7 ο 1
59 7 5 26
ν59 7 10 22

September

t! “-““-· '— οἵ

—.—

e——z

     

10 20 16

   

11 627

        

11 21 5ο

      

0517

        

01520

      

02128

     
     

0265

      

1320

       

114 28

    
      
 

12835

          

21417

            

3038
31628

              
       

4352

           

42030

            

571

                
        
            
    
       

54 7 18 30

    

8030

     

30

   

8153

     

18 9’0287

     

8

   

91726

     

2 1014 2

     

Ο 11042

 

 

 

 

 

 

