 

 

 

 

 

7 0 Ι9
7 16 52
8 2 59
8 18 5
9 1 7
9 10 31
9 16 1ο
9 20 56
9 28 48
10 10 33
10 24 58

11 10 49

11 27 16
0 13 51
1 0 32
1 17 8
2 3 35
2 19 35
3416
31631
32458
4 0 12
4 5 Ι7
4144

4 26 41

n nuta proportionalia

 

 

 

Ὁ xo CO <12
ω ω
0
Ν

10 1 47
10 9 15
10 13 55

10 19 48

10 29 37

6
15
27
39
52
58

Feria 111

 

 

 

8 20 57

9 7 37
92338
10 8 50
10 22 2
11 1 44
11 7 43
11 12 13
11 19 50
0 1 22
0 15 40
1 1 28
1 17 52
2 4 28
2 21 9
3645
3 24 14
4 9 57
4 25 3
583
5 16 29
5 21 20
5 26 32
654
6 17 28
7211
71811
8 4 30
8 21 16

9 7 57

56
60

 

 

 

9 24 32
10 10 57
10 26 53
11 11 10
11 22 40
0 0 32
0 5 17
0 10 59
0 20 32
1 3 38
1 18 48
2 4 56
2 21 29
358
32438
4 11 21
42738
5 13 Ι5
5278
6755
6 14 46
6 19 20
6 25 50
7651
71658
3525
8 22 42
9 8 16

954 56

Argumentum lunae adaequatum.

 

 

 

21

Ξ D cemb
5 10 11 34
15 10 28 7
27 11 14 53
38 11 29 36
50 0 12 57
58 0 22 52
60 0 28 50
55 1 3 31Ι
ν44 1 10 54
33 1 22 12
20 2 6 22
10 2 22 7
3 3 8 26
0 3 25 4
2 4 11 45
7 4 28 22
16 5 14 52
25 6 0 56
41 6 15 50
52 6 28 30
59 7 7 28
59 7 12 46
54 7 17 47
47 7 26 5
32 8 8 15
18 8 22 52
8 9 S 49
2 9 25 18
O 10 11 53
10 28 33

’ 55

 

 

 

(28 verso)
n Fer 1 Ν
ξ ξ
n ε
ἒ 20 ξ
a 2
Ξ. Ξ
53 J nnnnnnn Ε
Ξ ἓ
,Ξ ,ἒ

g m

3 11 15 10

9 0 1 36
20 0 17 29
31 1 1 59
45 1 13 51

1 21 49
59 J 26 40
58 2 2 11
52 2 11 28
40 2 24 25
27 3 9 13
15 3 25 42

6 4 12 7

1 4 2844

O 5 15 22

4 6 -1 58
11 618 17
22 7 3 57
34 7 17 58
47 7 28 59
56 8 6 3
60 8 10 39
57 8 16 53
49 8 27 8
36 9 10 41
23 9 26 5
12 10 12 19

4 10 28 53

Ο 1115 33

0

 

 

 

 

