 

(34 recto)
(152 recto)

Argumentum Lunae aequatum anno

domini ¹308·

 

Ὀωκῖσὶοἱρωωμ

z ’ἐξ ε ’ssa-L* 5⁴⁴5}ss

20
A 21

30

12

35
48
57
60
56
48
35
22
12

3 24 4ο
411 55

4 27 55

<3915
0252
101125
1028 1
111441
0118
01648
02350
11840
2 115
2100
2155
22017
22846
3114
32546
41246
⁴12817
5144ὅ

6135

 

6187

7 4 32
7 20 22
8 4 47
S 16 50
8 2418
8 2016
9 4 45
Aprilis
914 8
91716
10 1219
10 28 29
ΙΙ 14 50
o 139
01819
1 4 54
121 12
2 6 50
2 20 46
3 138
3 ὃ 32
31313
310 32
3 2‘) 54
413 33
4 28 59
51516
6 140

61821)

ψόςψε·

60

18

22431
3930
32213

4117

4 Η 33
4 10 46
5 1 50

5 16 27

6 18 50

24

 

 

