 

 

 

 

 

&5024

Argumentum Lunae aequatum. (2⁶ ww)
- ‚cm . W 2* pem vn a perna fl pena 111 a Feri21v a Fcria ν1 ω
’ 15 «Ξ 13 5 13 Ξ 11 5 ιο Ξ
Ξ e ‚mn ser Ξ October ἓ November Ξ December Ξ januarius ἓ Febrarius Ξ

s m sem ειη, sgm δέ’»- sgm
Ἣ-
2 2 119 55 4 112656 2 11032 4 11754 2 2219 3
⁹0 8 112625 12 01332 7 117 3 11 2 4 9 7 3 741 11
Ι 012 4 23 0 29 49 17 2 3 6 22 2 20 28 16 3 23 46 θ
0 27 9 35 115 2.) 28 17 56 34 3 6 6 28 4 8 44 ⁴,
19)148 12910 42 303147 3202 41 42130 46
1184 57 2952 52 3920 56 4057 52 5034 ι
1 2316 60 2 16 35 59 3 14 23 60 4 7 52 59 5 5 57 60
1 28 24 56 2 21 9 59 319 281 59 412 28 59 5 10 54 57
7 4 48 2 27 46 53 3 28 4 49 4 18 52 54 5 19 5 4·
1933 35 589 42 4718 36 4291143 617 36
420 22 322 5 29 4251 23 51249 30 61542 ¹
320 22 12 4 736 17 511 0 12 52815 18 7 239 25
465 4 42351 8 52734 4 61431 8 7185 5
4²32S Ο 51027 2 6144 0 716 2 8442 0
5108 1 5276 ⁰ 7645 1 71744 ⁰ 82120 0
52644 6 61345 3 71719 5 8421 3 9756 5
6137 15 7017 9 8345 14 82055 9 92425 23
6 28 56 25 7 16 27 20 819 37 25 '9 7 7 19 10 10 2ο ¹-
713 25 39 8 14 32 9 4 3 38 9 22 28 31 10 24 52 37
7-446 51 614 59 45 915 49 50 7ιο 553 44 11 651 50
8 12 24 58 b 24 49 55 9 23 40 57 1015 55 55 11 14 55 57
S 6 60 9 0 45 60 9 28 29 60 10 22 1 59 11 19 51 ιι
3 53 55 9 5 22 58 10 4 5 55 1ο 26 39 58 11 25 17 57
8 22 24 45 912 51 52 10 23 9 46 11 3 55 52 ο 4 27 ἰ
9 5 46 32 9 2415 39 10 26 3 38 11 15 5 40 01717 ¹<
9 20 34 20 10 8 34 27 111137 21 112913 17 1 217ν 21
10 7 6 10 10 24 16 15 11 27 44 10 014 55 15 1 18 22 11

102339 3 111040 6 01416 3 1118 6 2 454
111116 0 112716 1 1 053 0 117 53 1 22131 0

013 56 0 2 4 32 0

