Saturnus.

 

 

 

 

 

 

 

 

 

 

 

 

 

 

 

 

 

 

 

 

 

 

 

 

 

 

 

 

 

 

 

 

 

 

 

 

 

 

 

 

 

 

 

 

 

 

 

 

 

 

 

 

 

 

 

 

 

 

 

 

 

 

 

 

 

 

 

 

 

 

 

 

 

 

 

 

 

 

 

 

 

 

 

 

 

 

 

 

 

 

 

 

 

 

 

 

 

 

 

 

 

 

 

 

Ξ 10 4 37 16 40 28 20{ 6 45 20 47 1 47 12 32
ξ 2ο 4 1 16 1 26 3 9 38 20 54 2 3 13 4
1⁴ 31 3 13 15 35 27 381 9 21 20 51 2 13 13 25
ἲν 10 2 20 14 40 27 3 8 56 20 37, 2 14 13 36
ζξ 20 1 32 13 50 26 22 8 21 2ο 13 2 0 13 35
² 30 0 51 13 31 25 22 7 43 19 40 1 37 13 25
Γ 10 O *⁴9 12 45 24 55 6 43 19 3 1 6 13 6
ῑξ 20 23‘39 11 46 24 14 6 11 18 5 ο ,3ο 12 36
⁴ 31 29 0 11 5 23 15 5 34 17 33 Ξέῗῖᾑ 11 59
‘Y 10 28 41 10 35 22 37 4 41 16 55 28 54 11 20
ὟΞ 20 28 33 10 13 22 5 3 57 15 56 '28 16 10 34
30 28 32 9 57 21 43 3 25 15 37 27 21 9 38
w 10 28 36 9 59 21 30 3 5 14 43 26 39 8 51
ξ) 2ο 25 3 9 53 21 25 2 47 14 17 26 2 8 8
31 29 39 10 29 21 34 2 44 14 Ο 25 44 7 28
ἷέ 10 Ἐῠηὲξ 10 57 21 49 2 51 13 56 25 20 7 1
ξ 20 1 7 11 36 22 19 3 3 13 51 25 13 6 43
ἶ 39 7 12 35 23 1 3- 38 14 9 25 18 6 35
g 10 9 13 22 23 45 4 14 14 44 25 30 6 37
Ξ 20 4 7 14 21 24 35 4 59 15 19 25 54 6 51
v 30 5 24 15 24 25 44 5 48 16 4 26 50 7 14
10 6 3 16 31 26 37 6 48 16 56 27 13 7 48
ξ 20 7 43 17 414 27 43 7 51 17 53 28 1 ὃ 25
31 9 4 19 1 28 56 9 2 19 0 29 5 9 27
ΙΞ 10 10 11 20 12 ’οἯμ10 10 11 20 5 29 58 10 8
Ξ 20 11 22 21 1 1 22 11 22 21 13 ῗψνῗ2 11 19
ΞΞ 30 12 26 22 34 2 32 12 33 22 24 2 20 12 23
,ξ 10 13 2ὅ 23 47 3 41 13 33 23 36 3 31 13 34
1ξ 20 14 23 24 39 4 46 14 53 24 47 4 44 14 41
² 31 15 174 25 41 5 45 16 4 26 3 6 4 16 4
ἒξ 10 15 57 26 29 6 47 17 6 27 8 7 13 18 18
ΣΞ 20 16 29 26 11 7 40 17 48 28 11 8 19 18 28
[ἑ 31 16 52 27 48 8 26 18 57 29 11 9 30 19 43 0
Ιὲ ξ10 17 1 28 9 9 2 19 15 οᾘΓκ8 10 20 20 35
ξ Ι20 17 5 28 22 q 2} 20 14 0 51 11 20 21 44 2
C 28 15 55Ι 28 26 9 36 20 31 1 18 11 55 22 32 3

 

 

 

 

 

 

 

 

 

 

92 12 ⁴6

23 22
24 1
24 37

 

24 56
25 6
25 8

 

24 58
24 40
24 11

 

23 36
22 50
22 4

 

21’13
20 47
19 40

 

19 5
18 36
18 14

 

18 7
18 8

 

18 24

18 47
19 18

20 3

 

20 55

21 48

 

22 50

23 54
25 o
26 18

 

27 34
28 48

Aquarms

 

1 14

 

 

 

 

 

 

 

 

 

 

 

 

 

 

 

 

 

 

 

 

 

 

 

 

 

 

 

 

 

 

 

 

 

 

 

 

 

 

 

 

 

 

 

 

1

 

³4 ἢ 14 45 25 23 6 41
4 51 15 41 26 39 7 51
5 38 16 50 27 46 9 5
5 5S 17 26 28 40 10 7
6 30 18 2 29 28 11 3
6 50 18 26 g, ⁵⁵⁵⁵⁵ 5 11 53
6 53 18 43 0 35 12 33
6 45 18 48 0 55 13 6
6 29 18 48 1 17 (3 21
6 21 18 31 1 3 13 41
5 25 18 4 0 52 13 44
4 40 17 30 0 29 13 31
3 56 16 50 {3m57 13 10
3 4 16 4' 29 17 12 40
2 15 15 8 28 58 11 59
1 28 14 21 28 38 11 13
Ο 51 13 35 26 59 10 25
O 15 12 52 25 57 28
{3³36 12 20 25 17 8 42
29 45 12 18 24 41 8 1
29 45 11 45 28 18 7 25
3Ψ”’5 11 43 24 3 6 57
0 15 11 53 23 59 6 10
0 53 12 14 24 6 6 36
1 35 12 45 24 25 6 41
2 24 13 22 24 5ο 6 55ι
3 29 14 9 25 27 7 19
4 19 15 3 26 14 7 581
5 26 16 4 27 12 8 41
6 40 17 16 28 14 9 39:
7 51 18 23 2ἓαί0 10 39<
9 6 19 35 o 28 11 45
10 27 2ο 57 1 48 13 1
11 39 22 14 3 6 14 13
12 50 23 26 4 12 15 30
13 40 24 24 5 26 16 31

