(ιο rma) Tabula Jovis.

 

dierum

 

 

 

 

 

 

 

 

 

 

 

 

 

 

 

 

 

 

 

 

 

 

 

 

 

 

 

 

 

 

 

 

 

 

 

 

 

 

 

 

 

 

 

 

 

 

 

 

 

 

 

 

 

 

 

 

 

 

 

 

 

 

 

 

 

 

 

 

 

 

 

 

 

 

 

 

 

 

 

 

 

 

 

 

 

 

 

 

 

 

 

 

 

 

 

 

 

 

 

 

 

 

 

 

 

 

 

 

 

 

 

 

 

 

 

 

 

 

 

 

 

 

 

 

 

 

 

 

 

 

 

 

 

 

 

 

 

 

 

 

 

 

 

 

 

 

 

 

 

 

 

 

 

Ξ 36 37 38 39 40 41 42
ἶ Ξ ἒ Taum Gcm'm Cauca Leo Virgo La, ra Scorpio
ἰέ Ξ g m g g g m g g m
ι
¹3! 10 6 27 5 12 5¹ Q 6 42 9 49 13 47 16 51 18 14 18 9 16 43 14 33 12 16
Ξῖ 20 8 34 7 41 5 42 6 34 8 44 12 30 16 4 18 41 19 31 19 3 16 55 14 36
3 31 10 59 8 51 6 41 6 16 7 45 11 2 15 17 18 56 20 49 20 54 19 27 17 15
10 13 17 10 2 7 54 6 38 7 1 9 52 14 19 18 38 21 34 22 37 21 44 19 49
Ξ. 20 15 34 12 22 9 15 7 S ὃ 45 8 46 13 6 18 10 22 30 24 16 24 51 22 2
30 17 57 14 28 10 51 7 55 6 41 7 52 12 4 17 33 22 31 25 30 25 53 24 22
*m 10 20 19 15 37 12 34 9 5 7 2 7 9 10 34 16 31 22 31 26 35 27 48 26 39
Ξ 20 22 41 18 51 15 27 10 21 7 28 6 49 9 35 15 17 22 9 27 35 29150 29 50
ὲ 31 25 4 21 22 16 42 10 49 8 20 6 45 8 23 13 48 21 21 27 48 0247,ch 1TWYS1
ξς 10 27 25 23 41 18 49 12 44 9 30 7 4 7 43 12 37 20 33 28 5 2 27 3 8
‘i 20 29 37 26 57 21 7 15 30 10 47 7 34 7 16 11 25 19 12 27 47 3 37 4 57
ἱ 30 fungi 28 8 23 9Ι 17 26 12 18 7 59 7 14 10 22 17 53 27 24 4 35
Ι Ι10 3 34 g„ 20 25 23 19 20 13 35 9 23 7 34 9 38 16 34 26 34 4 35 7 58
’Ξ 20 5 20 2 30 27 36 21 36 15 47 10 45 8 4 9 11 15 23 25 31 4 46 9 9
Ι 31 6 4 46 28 2 22 57 17 58 1125 8 55 9 1 1416 14 3 4 14 10 5
ἓ 10 8 16 6 40 2Le⁰10 26 10 19 49 14 14 10 2 9 24 13 23 22 49 3 37 10 40
{⁶ 20 9 34 8 29 4 17 ²33² 2 2 15 53 1121 9 50 12 56 2130 2 46 11 Ο
³³ 31 10 26 9 12 6 26 1¹¹2& 12 24 22 18 0 13 1 10 41 12 36 20 13 1 28 10 53
‘a 10 10 54 11 37 8 ’18 3 50 26 32 20 24 14 47 11 50 12 59 19 14 0, 14 10 30
Ξ 20 11 12 12 46 10 4 5 4 28 49 22 12 16 35 13 12 13 26 18 23 2ἐ8π583 9 35
ὥ 30 11 5 13 36 11 38 6 52 ΟΜῙΞ4 24 42 18 34 14 43 14 11 18 15 27 35 8 ι36
ι 10 10 42 14 7 11 4 8 43 2 59 26 31 20 49 16 27 15 13 1816 26 29 7 24
ξ 20 9 53 14 28 14 9 10 27 5 1 27 46 22 47 18 20 16 30 18 36 25 6 6 12
0 31 8 51 14 27 15 8 12 8 7 3 {corpu} 25 12 19 32 18 13 19 7 24 5714 37
23 10 7 31 14 6 15 41 13 31 9 1 3 5 27 28 22 39 19 59 20 10 24 49 3 23
Ξ 20 6 13 13 29 15 59 14 38 10 42 5 20 29 42 24 50 21 51 21 23 24 55 2 26
z 30 4 53 12 31 16 3 15 30 12 13 7 18 ξαριί5ί6 27 11 23 49 22 49 25 23 1 41
Μ
b 10 3 35 11 12 15 47 16 4Ι 13 34 9 17 4 5 29 22 26 45 24 30 26 1 1 15
ξ 20 2 9 10 21 15 2 16 20 14 52 10 54 6 8 {ami} 28 18 26 21 27 3 1 10
ἢ 3ο 1 48 8 43 1412 10 7 1519 12 36 8 32 4 11 gwugq 28 33 28 28 1 241
—————-——-——-————‘-——————‘.
Ξ 10 1 26 7 30¹ 1313 16 8 16 12113 57 10 24 6 25 5 10 gaalz, ΟΠΙΠεῖῐ 1 48
,Ξ 20 1 17 6 26 11 46 15 34 16 26 15 7 1211 8 35 5 35 2 48 1 45 2’ 43
’“’ 31 1 45 5 37 10 34 14 33 16 31 16 16 14 14 10 56 8 J< 5 27 3 43 4 52
—————-———-—-——————-—
ιέ 1ο 2 13 5 8 9 18 13 33 16 12 16 38 15 15ῗ 13 0 10 42 7 43 5 55 5 32
ἒ 20 3 2 4 51 8 12 12 13 15 33 16 58 16 161 14 55 12 46 10 14 ἰ( 6 0 57
ff 28 3 48 4 46 7 22 11 7 14 43 17 2 17 17! 16 52 14 32 12 12 10 7 0 30

 

 

 

 

 

 

 

 

 

 

 

 

 

 

 

 

32175ἢ

