 

 

F VH Ξ

[Me 14 ξ

g m ε

1 27 36 2

2 14 11 7

3 0 30 16

3 16 8 28

4 0 4 41

4 10 59 52

4 17 54 59

4 22 30 59

4 28 54 54

5 9 Ι3 43

5 22 51 30

6 8 17 18

6 24 33 8
7 11 8 2

7 27 46 0

8 14 23 3

9 0 57 9

9 Ι7 9 19

ιζ”ωζῗο 31
10 15 7 5 44
10 25 57 · 55
11 2 3Ι 59
11 6 41 58
11 13 57 52
11 25 7 40
0 9 15 27

0 23 54 15

1 11 20 6

¹ 27 55 l

2 14 34 O

 

 

xreria 111 d 1 - 17
11 ξ 13
Februariu Ξ Ma rrrrr

g Ξ g m

3 18 21 ’ 1 4 21 58

4 4 48 7 5 S 21

5 21 9 17 5 24 27

5 6 50 27 6 9 31

5 20 54 40 6 22 29

6 2 1 52 7 1 48

6 9 13 58 7 7 22

6 13 51 59 7 11 13

6 20 1 54 7 20 8

7 o 7 44 8 1 58

7 13 35 31 8 16 28

7 28 57 17 9 2 18

8 15 8 9 9 18 47

9 1 44 2 1ο 5 20

9 18 21 O 10 22 1

10 5 ο 2 11 8 36
10 21 34 8 11 25 5
11 7 48 18 0 11 3

50

 

 

 

Martius

 

11 23 14 30 0 25 4ο

0 6 47 42 1 7 52

ο 16 3 54 1 16 15

ο 23 22 59 1 21 19

0 27 59 58 1 26 36

1 4 58 52 2 5 27

1 15 58 31 2 18 6

1 29 57 27 3 2 58

2 ¹5 37 17 3 19 2

3 1 57 7 4 5 32
3 18 31 1
4 5 12 Ο

 

9⁶67ae

 

 

——-· -—--··-——-—-—'·E}

 

59

9 11 11
9 22 46
10 7 8
10 22 57
11 8 38
11 25 57
O 12 37
o 29 13
1 15 42

2 1 44

 

2 16 31

2 28 54

3 7 3Ο
junius

3 12 4ο

3 Ῑ7 49

3 27 27

4 S 53

 

 

