Aequatio lunae.

 

10 35 10 43 10 51 10 59 11 7 11 16 11 24 11 32 11 40 11 43 11 55 2 -ξ
10 40 ιο 49 10 57 11 5 11 14 11 22 11 31 11 39 11 47 11 55 12 4
1045 10 54 11 3 1111 11 20 1128 11 37 11 45 11 56 12 2 12 11 2 2
1⁰ 5⁰ ¹0 59 ll 3 1¹ Ῑ7 ll 25 11 34 11 43 11 52 12 1 12 10 12 19 2 2

105511 4 11131123 1132 1110 11501159 12 31217 1225 ⁴
10 59 ιι 9 11 18 1128 11 37 ιι 46 11 55 12 5 12 14 12 23 12 33 2 2¹

 

11 4 11 14 11231133 11421152 12 212111220 230 1240

11 91119 11281138 11481158 12 81217 1227 237 1247 25}v

 

111711 27 11371148 1158 12 S 1218 12 29 1237

Ι

Ῑ

1113 1123 1132 11 43 115312 3 1213 12 23 12331213 1253

12 49 12 59
I

11 21 11 32 11 42 ιι 53 12 3 12 13 12 24 12 37 12 45 2 55 13 5 ⁶
11 26 1136 11 47 ιι 57 12 8 12 18 12 29 12 40 12 50 13 1 13 11
11 30 11 41 ll 51 12 2 12 13 12 23 12 34 12 45 12 55 13 6 13 17 1 ⁹*
11 34 11 45 11 55 12 6 12 17 12 28 12 39 12 49 13 O 1311 13 22 ” “

 

11 37 1148 11 59 12 10 12 21 12 32 12 43 12 54 13 5 1310 13 27 ⁵ “
11 41 1152 12 3 1214 12 25 12 36 12 47 12 58 13 9 13 20 13 31
11451156 12 712 18 12291240 125113 3 13141325 1336
1148 1150 1211 12 22 12 33 12 44 12 55 13 7 1318 13 29 13 40
11 52 12 3 12 15 12 26 12 37 12 48 13 O 1311 13 23 13 34 13 45
11 55 12 7 12 18 12 3ο 12 41 12 53 13 4 1316 13 27 13 39 13 50
11 59 12 10 12 22 12 32 12 45 12 57 13 8 13 2ο 13 31 13 ,13 13 55

 

12 2 12 14 12 26 12 37 12 49 13 1 13 12 13 24 13 36 13 48 14 O
12 5 12 17 12 29 12 41 12 53 13 ,1 13 16 13 28 13 40 13 52 14 4
12 9 12 21 12 32 12 45 12 57 13 ὅ 13 20 13 32 13 44 13 56 14 8

 

 

12 12 12 24 12 36 12 48 13 Ο 1313 13 24 13 36 13 48 14 0 14 12
12 15 12 27 12 39 12 51 13 3 13 16 13 28 13 ιο 13 52 14 4 14 16
· 12 17 12 3ο 12 41 12 51 13 6 13 19 13 31 13 13 13 56 14 S 14 20

 

12 20 12 33 12 45 12 57 13 9 13 22 13 34 13 17 14 Ο 1412 14 24
12 22 12 35 12 47 13 0 13 12 13 25 13 37 13 5ο 14 3 14 15 14 27
12 24 12 37 12 50 13 2 13 15 13 28 13 40 13 53 14 6 1418 14 31

 

5110ςώ

