 

 

 

Medius motus capitis ad menses et ad dies. ἑῗῗὸυἶνῖἷῖ)
Ι S p b O l 6 N 111111 ber D b J nnnnnnnn Febnmn’m 1
0 ct ’κ g a ’κ 11 a m g m

94815 112339 13 212 143736 1616 8 175443
9 51 26 11 26 50 13 5 22 14 20 47 16 19 19 17 57 54
9 54 36 11 30 0 13 8 34 14 43 57 16 22 29 18 1 4
957 47 113310 1311 44 1447 8 16 25 40 18 415
10 0 58 11 36 22 1314 55 14 50 19 16 28 51 18 7 26
10 4 9 11 39 33 1318 6 14 53 30 16 32 2 18 10 37
10 720 114246 13 21 17 14 5641 16 3513 ›181348
10 10 30 11 45 54 13 24 28 14 59 51 16 38 23 18 16 59

 

10 13 41 11 49 5 13 27 38 15 3 2 16 4134 18 20 9
10 16 52 11 52 16 13 30 49 15 6 13 ” 16 45 45 18 23 20
10 20 3 115427 13 34 0 15 924 16 47 56 182631
10 2314 11 58 38 13 37 11 15 12 35 16 52 7 18 29 42
10 26 25 12 1 49 13 41 22 15 15 46 16 54 18 18 32 53
10 29 35 12 4 59 13 43 33 15 18 56 10 57 28 18 36 3
10 32 45 12 8 10 13 46 43 15 22 8 17 0 39 18 39 14
10 35 57 12 11 21 13 49 54 15 25 18 17 3 50 18 42 25
1039 8 121432 13 53 5 152829 17 7 1 181526
10 4218 12 17 42 13 56 15 15 31 39 17 1011 18 48 47
10 45 29 12 2053 13 59 21 153450 17 13 22 185158
10 48 4ο 12 24 4 14 2 38 15 38 1 17 16 33 18 55 8
10 51 47 12 27 15 14 5 48 15 41 12 17 19 42 18 58 19

 

1055 7 123025 14858 154422 172254 19129
10 58 12 12 33 36 1412 9 15 47 33 17 26 5 19 4 40
11 1 23 12 36 47 1415 20 15 50 44 17 2916 19 7 51
11 4 37 12 39 58 14 18 31 15 53 55 17 32 28 19 11 2
11 7 45 12 43 9 14 2142 15 57 6 17 35 38 19 14 13
11 10 56 12 46 20 14 22 53 16 0 18 17 38 49 19 17 2Α
11 14 7 124931 14 28 4 16 327 17 42 0 192035
11 17 17 12 52 41 14 31 14 16 6 38 17 45 10 19 22 45

1120 28 125552 14 34 25 16 948 17 48 21 . . . ΙΙ
1259 1 ... 161258 175132 ... ,Ι

 

 

&114ae

