Medius cursus Lunae ad menses et ad dies.

(2 5 verso)

 

²17

 

 

101255 1 0 123 2

9 73734
51048 91026 536 0143337
¹0 3534411 91611 027 4412
1017 919 11222646 110 54 47
11 01953 053721 124 522
11133028 0184756 2 71557
1126413 1 15837 2202632
0951381159633377
ο 23 13 1 28 19 41 3'16 47 42
161 48 2113015 3295816
119 323 2244050 413 858
'0053 375125 4261927
154433 321 159 5 93031
28558 441235 5224036
31 543 4172310 6 55111
3 ‚1613 5 03345 619 146
4 82653 5134420 7 21221
4137 8 5265455 71522’56
54483 610536 7283330
517589623164811445
61912 762639 8245440
6141947 7193714 9 ὃ 515
6273022 8 24759 9211550
71040 57 815583410 426 24
7235132 829991017310
8 7 7 912184411 04737
82012 42 9253019 11135810
93231710 840541127 845
9 16 03 52 10 21 51 29 0101919
929442611 5 153 0232953
,11181227 . . .

1 64028 225 830
11951 3 3 819 5
2 3 138 3212940
2161213 4 440 9
2292248 4175050
3123323 51125
3254358 51412 0,
4 85433 5272234
422 5 8 6103310
5 51542 6234344
5182617 7 65419
6 13652 720 454
6144727 8 31529
627582 81626 4
711 837 8293639
7241912 9124714
872947 9255749
820402210 9 824
9 3505610221854
917 1311152933
10 01261118408
10132241 o 15943
10263316 0151118
11 94351 0281153
11 22 54 26 1 11 22 28
0651 12433 3
0191536 2 74338
1 22611 2205413
1153646 3 4 448
12847 5 3171522.
2115755 4 02556 .

 

10 454 5
1018 439
11 11515
11142550
11273625

4 13 36 31

42647 6
5 95741

 

523 816
6 61852
6192926
7 240 0
7155035
729 110
8121145
8252220
9 83255
9214330

01047 0
0235734
1 7 8 9
1201844
2 32919
2163954
2 95031

 

313 1 6
326114ιρ
4 92215f
4223248'

Α,

 

334813

