 

 

 

ἓ am
Ξ 26
ἓ Ὲώ 11111111
Ξ e
3 9 29 48
11 10 16 9
22 11 1 50
34 11 15 54
46 11 27 1
57 O 4 13
60 0 8 51
57 0 15 3
49 0 25 7
36 1 8 35
24 1 23 57
13 ⁹ 10 8
5 2 26 44
O 3 13 1
Ο 4 o 0
5 4 16 34
13 5 ⁹ 48
24 5 18 14
37 6 1 47
50 6 1 3
57 6 lb 2
60 6 79
57 6 29 58
46 7 1ο ,S
34 7 5 57
21 8 10 3,
11 8 ,4 5
3 9 13 31

 

 

 

 

Ξ
ξ 27
Ξ Mz
7 10 16 58
16 11 3 21
27 11 19 27
40 0 4 31
52 0 17 29
58 o 26 48
59 1 2 22
54 1 6 13
44 1 15 8
31 1 26 58
19 2 11 26
9 2 27 18
2 31247
Ο 4 0 20
2 4 17 1
8 5 336
18 0⁴20 5
30 6 6 3
42 6 20 40
54 7 52
59 7 11 15
58 7 16 20
52 7 21 33
41 8 0 27
27 S 3 6
16 8 58
7 <311 ⁶
1 10 O 3
O 10 17 9
11 044

57

 

 

 

 

 

11 20 25
o 6 48
0 22 33
1 6 46
1 19 18
1 25 33
2 0 10
2 6· 8
2 11 1
2 29 21
3 14 37
4 O 48
4 17 42
5358
5 20 38

6 7 12

8 3 10

8 14 17
8 21 4
9 ¹ 49
9 15 41
10 1 16
10 17 34
11 4 0

11 20 49

 

 

 

0 7 26
0 29 53
1 10 6
1 24 17
2 8 25
2 Ι9 59
2 23 45
2 28 34
3 6 11
31746
4 2 8
4 17 57
5338
5 20 57
6737
24 3
10 42
2644

11 31

’Ὤ ω χΙ &¹ Φ

23 54
2 30
7 39

12 49

0004>

21 27
10 3 53
10 18 39
11 4 40
11 21 10
0 7 49

0 24 27

 

32

 

 

 

 

3 19 16
4653
4 10 6
5 5 27

5 20 41

62135
7 11 14

7 27 49
8 14 8

9 I3 33
9 24 16
10 1 1
10 5 34
10 12 11
10 22 39
11 6 24
11 22 55
o 811

0 24 45

1 11 29

 

 

