 

 

 

 

 

 

 

 

 

 

 

 

 

 

 

m F I ’Ξ Fena ΠΙ π Γ ΙΝ Ν Ι F W I Ν F Χ 11 d F ΙΙ

2} D1e 21 Ξ 21 Ξ 20 Ξ ¹ 19 ω 15 Ξ 19

Ξ Otb ἓ November Ξ D eeeeee uer Ξ J aaaaaaa ἓ πει 111111111 Ξ Mar

’ἕ Ε {¹ Ξ ,Ξ ,Ξ

g g

1 51919 2 62255 4 7956 2 81332 4 82933 2 10410

2 6555 8 71124 12 72631 8 902 12 9148 7102040

3 6 22 8 18 7 25 21 23 8 9 48 17 9 13 3 23 10 3 26 13 11 6 43

4 7 7 34 30 8 9 32 36 8 28·18 29 10 0 49 35 1019 1 28 112137

5 7 2110 46 8 2215 48 912 1 43 10 13 15 48 11 2 53 41 O 416

6 3 127 54 9 O 39 57 9 22 33 53 10 2155 57 11 12 39 52 0 1310

7 8 7 24 59 9 5 52 60 9 29 8 59 10 27 3 60 1120 27 59 118 23

8 8 12 21 59 9 10 58 57 10 2 42 59 11 2 27 57 11 24 59 59 ¹23 25

9 3 19 23 52 9 19 49 47 1010 27 52 11 10 48 48 0 1 33 53 2 1 49

10 9 019 41 10 2 26 33 10 21 9 42 11 2313 38 012 2 43 2 14 ο

11 govlessbtlj 27 Igelgblss 22 11 5 5 28 0 7 58 23 0 25 44 29 2 28 38

12 929 55 16 11 326 11 111939 16 023 59 12 11113 18 3 14 38

13101613 7111952 4 065 7 1109 412830 8 415
2 1 27 7 0 2Ma1r4ms13 2 417 4

Februarius Aptius

O 21345 1 22744 O 5421
3 3040 5 31721 3 52057
10 31645 15 4 354 9 6 723

 

20 4 2 34 25 4 20 4 19 6 23 16
32 4 16 55 35 5 512 31 6 4 43
43 4 28 32 51 518 46 44 619 34
55 5 6 14 58 5 28 34 55 6 27 38
60 5 10 57 60 6 4 32 59 7 2 22
58 5 16 41 53 6 9 12 58 7 7 54
51 5 2617 45 6 16 37 52 7 17 13
39 6 925 30 626 56 37 8 011
27 6 24 35 20 712 9 26 81514
15 7 10 45 10 7 27 54 15 9 1 21

72715 3 81456 6 9¹753

 

 

3
1 81353 0 9046 110429
O

91515 Ο

 

 

 

