Tabula Solis Prima.

 

 

 

 

 

 

 

(1 recto)

ἓ

ἓ Septemb Octobe lVovembt December Jan'uart Feb 11111111
ἔ Virgo Libra Scorpius Sagx'ttar Capricor ΑΨ

Ξ g m ⁹ g m 2 g m ἱ g m 2 2 n· Β g 2
z

1 15 1914 14 56 20 16 4 50 16 34 52 18 12 42 19 37 54
2 16 18 0 15 56 10 17 5 44 17 36 24 1913 49 20 38 15
3 17 16 46 16 56 1 18 6 38 18 37 56 2014 56 21 38 35
4 1815 32 17 55 51 19 7 32 19 39 28 21 16 3 22 38 57
5 1914 18 18 55 42 20 8 25 20 40 59 22 17 10 23 39 18
6 201314 195527 21 9 7 2142 1 231811 243934
7 21 12 11 20 55 13 22 9 50 22 43 4 241912 25 39 52
8 2211 8 215458 23 10 33 2344 7 25 2013 2640 8
9 2310 4 225443 241118 244510 26 21 14 27 4025
10 24 c) 1 23 54 28 25 11 58 25 46 13 27 22 16 28 40 41
11 25 8 7 24 54 51 2613 4 26 47 28 28 22 39 29 40 41
12 26 7 13 25 55 14 27 14 11 27 48 43 29 23 42 0P45e⁸41
13 7 6 ις 25 55 :37 28 15 18 28 49 58 84ῗῖ 5 1 40 41
14 ὅ 5 25 27 56 0 29 ,1625 29 51. 13 1 25 8 2 40 41
15 29 4 32 28 56 23 ἴφιιζηέἶ 0052Ε29 2 25 52 3 40 41
15 om? 5ο 29 56 41 1 18 25 1 53 44 3 26 27 4 40 34
17 ι 3 7 Ose⁰5rgmso 2 19 20 2 54 29 4 27 2 5 40 28
18 2 224 15719 32015 35614 52737 64022
19 3 141 25737 42110 45729 62812 74013
20 4059 35736 5224 55843 72847 84010
21 6029 45824 62314 65955 82951 93950
22 55939 55842 72424 818 93055 103930
23 6 59 29 6 59 20 8 25 34 9 2 21 10 3159 11 39 10
24 75859 75948 92644> 10334 11333 123850
25 8 58 28 9 Ο 17 10 27 54 11 4 46 12 34 b 13 38 31
26 958 5 10 056 1129 o 12 554 133440 1438 2
27 10 57 41 11 1 32 12 30 5 13 7 2 14 35 13 15 37 31
28 115717 12 2 97 13 3110 14 8 10 15 35 45 16 37 3
29 12 56 53 23 2 46 14 33 15 15 9 18 16 3618

30 13 56 3 14 3 23 15 33 20 16 10 26 17 36 5¹

31 25 3 57 17 11 36 18 37 34

 

 

 

923926

 

