11

14

 

?13

 

 

 

55
60
58

 

Argumentum lunae aequatum. (3⁹ ζζζζζζ)

 

2 24 38
320 49
3 26 4
4 922
411913
4³23⁵1s
429 48
5 716
51837
6 352
61836
7 417
7 2136
8 815
8 25 55
91123
920 24
101218
10 24 56
11 350
111856
111458
11 24 28
0 442
019 22
1 5 20
12128
1 8 25

2 25 5

 

⁴3—-

    

9 3 28 7
20 413 59
32 4 28 25
43 51012
55 518 6

60 5 22 56
Augustus
58 5 28 31

52 6 7 53
39 ὅ 20 53
27 7 5 58
15 7 2125
6 8 8 37
1 8 25 13
O 91154
4 9 28 28
11 101448
22 11 0 27
35 1114 25
47 1125 21
57 04 2 2
60 0 4 0
57 01818
49 0 23 35
86 1 610

23 12336

12 2 851

4 22533

3125

 

 
   

——— Ν -——— fl

   

14 4 15 16 9

 

   

25 5 1 27 19

    
   

   

38 5 16 50 31

 

      
  

57 6 10 20. 54

       
     
       
  
  
 

    

    

       
     
    
        
         
    
 

    

   

4103534

          
  
 

    

     
   

   

43 11330 49

 

    

36 1 25 30 37

       
      
       
 

 

 

 

