 

,Ε -- - *ss —-—

19

 

 

 

27

 

Argununuunnlunae aequatunm

1< cccc V n
11 24 46 3
o 11 18 11
ὸ 27 23 27
1 12 22 34
1 25 13 46
2 4 23 56
2 9 50 60
2 14 45 57
2 22 5ο 50
3 4 48 39
3 19 21 24
4 5 15 13
4 21 43 -5
5 8 19 o
5 24 57 O
6 11 53 5
6³⁰2}us 1 13
7 13 57 24
7 28 32 39
8 10 32 49
8 18 46 58
8 23 44 60
8 29 6 56
9 8 11 47
9 20 57 34
10 5 54 22
10 21 59 11
11 8 29 3
11 25 7 Ο

 

o 11 47

ο 28 22

1 14 44 ”

2 0 27

2 14 34
2 25 53
3 2 4
3 7 40
3 13 54
3 23 47
4 7 12
4 22 33
5 8 45
5 25 15
6 11 57
6 28 35

7 15 9
Jmms
8 1 24
8 20 51
9 -0 28
9 10 47
9 17 12
9 21 48
9 27 22
1ο 9 41
10 23 34
11 9 12
11 25 31

o 12 6

 

40

59

55

31
19

ΦΚΟΦΝΌ

 

4 6 o
4 13 52
4 25 37
5 10 2
5 25 53
6 12 2ο
6 28 55
7 15 36
8 2 12

8 18 39

9 4 39
zxugustu·

9 19 2ο
10 1 35
10 10 2
10 15 16
10 2ο 21
10 29 8
11 11 45
11 26 35
o 12 37

0 29 1

1 ¹5 43

46
55
60
57
48
38
25

35

 

 

 

Fer 11 κ
12

August ξς

2 2 24 1
2 19 9 6
3 5 23 15
3 21 6 25
4 5 25 39
4 16 51 52
4 24 19 58
4 23 59 60
5 4 52 55
5 14 41 45
5 27 58 32
6 13 13 20
6 29 23 9
7 15 50 3
8 2 34 0
8 19 13 2
9 5 50 8
9 22 4 17
10 7 35 29
Septenxbe
10 11 20 42
11 1 44 53
11 8 37 59
11 13 7 59
11 19 34 52
o ο 30 43
0 14 18 28
O 29 50 18
1 16 8 8
2 2 43 2

 

 

 

 

 

 

 

