Tabfila latitudinis lunae Tabula eclipsis lunae longit. lunae

(59 recto) · · -
m m medla etate. *longlon

   
   
   
   
   
   
   
   
   
   
   
   
   
   
   

Longu-‘dinis

 

 

11 42 18 18 O Ο 0 Ο 0
10 58 18 0 1 18 22 0 0
10 6 19 32 2 25 1 Ο Ο
9 54 2ο 6 3 3ο 33 Ο O
9 22 20 38 4 34 44 Ο Ο
8 50 20 10 5 38 33 Ο O
8 28 21 42 6 41 47 Ο O
7 46 22 14 7 43 59 Ο O
7 14 22 47 8 45 51 Ο Ο
6 42 23 18 9 48 54 Ο Ο
6 10 23 50 10 50 32 Ο O
5 38 24 22 11 52 19 Ο Ο
5 6 21 34 12 53 49 0 Ο
4 34 25 26 13 43 15 12 1

 

Ξ

4 2 25 58
3 30 26 30
258 26 2
2 26 27 34
1 54 28 6

39 20 16 18
37 57 18 52
36 32 21 39
35 9 23 20
34 22 24 38

›avar-»d
OEQGNOE

1 22 28 38 19 33 43 25 41
»Ο 50 29 10 20 33 27 26 18
O 18 29 42 21 33 26 26 36
33 3ο 26 40

O Ο 2942

ῑ ὲ)

 

§2115ae

