'z——h————

 

10 27 43
11 4 54
ΙΙ 9 29
11 15 42

112550

Junxus

 

 

 

 

 

Argumentum lunae aequatum.

 

 

 

1 ιιιιιι V a
ε ε
2 4 4 20 4
9 4 20 51 12
18 5 6 47 23
30 5 21 25 36
44 6 3 35 49
54 6 11 53 57
59 6 16 54 60
58 6 22 12 56
52 7 1 8 47
40 7 13 50 34
27 7 28 42 22
17 8 14 48 11
,7 9 1 17 4
Ο 9 17 55 O
o 10 4 35 1
3 10 21 14 6
10 11 7 33 15
21 11 33 17 27
33 ο 7 30 37
47 o 18 47 52
56 o 26 11 58
60 1 ο 49 60
57 1 6 48 55
50 1 16 41 45
38 2 O 0 31
25 2 15 22 19
Auffmnss
14 3 1 33 9
5 3 18 6 3
0 4 4 43 0
O 4 21 24 2

 

 

 

5 7 5S
5 24 18
6 9 42
6 23 24
7 3 51
7 10 19
7 14 53
7 21 45
8 2 32
8 16 25

x 9 2 2

9 18 19
10 4 54

10 22 39

11 8 14 ’

11 24 44
o 10 45

o 26 1
1 9 8
1 18 41
1 24 27
1 29 8
2 6 52
2 18 30
3 2 52
31844
4 5 7
Septensswr

4 21 43
5543

 

*74⁴4*

Ξ
ἓ
μ
D·
μ

18
30
43
53
59
59
52
41
28
16

60
58

 

 

 

7 24 35

8 3 8
48 S 20
8 13 28
8 22 8
9 4 37
9 19 24
10 5 26
10 21 56
11 8 32
11 25 12
0 11 48
0 28 11
1 14 0
1 28 19
2 9 5ο
2 17 28
2 22 10
2 27 58
373ὃ
3 22 50
4 5 41

4 22 10

5 3 43

October

5 26 2ο

6 12 28

 

 

 

 

 

