 

 

 

 

Argumentum Lunae aequatum anno domini 1304. (Aureus me d 130⁴)

 

 

 

 

 

 

 

 

 

 

Feri-„2 w ω Feria 1 a Furia 11· η Feria 1v Ξ Feria v Ξ
Die 7 Ξ 8 -Ξ 6 Ξ 6 ἒ 4 {² 4
Feb Ξ Mar {⁴ April Ξ M “ junius a} Jul‘ ο
e ἕ ε

10 524 1 11930 3 112635 1 10 8 2 117 6 0 2047
10 9 6 1126 3 9 013 7 5 11516 6 3 43 5 3 718
11 8 54 15 011 50 20 o 27 32 15 51 19 20 11 '13 ‚ 33
11 24 34 25 0 27 26 32 115 22 25 21811 31 ‚ 6 5 24 4 S ³7
o 8 58 39 1710 11 45 1 29 47 38 ’ 3 1 35 47 3 0 56 37 4 5
0 20 51 50 1 20 34 52 2 1130 50 311 35 55 4 2 31 50 η 1 42
0 28 1 58 1 26 19 60 2 19 18 57 3 17 39 59 4 9 36 57 7 ὸ 49
1 2 44 60 2 0 59 58 24 6 60 3 22 16 58 4 15 32 60 5 13 24
1 S 32 55 2 8 33 52 29 45 55 3 29 36 55 4 20 57 56 a 20 49
11817 54 219 59 39 5 9 S 45 410 49 40 -. 0 9 46 6 140
2 130 32 , 415 27 3 2216 33 4 24 58 27 513 34 61544
2 16 43 20 3 20 15 4 7 19 21 5 10 41 15 5 28 1 21 7 1 20
322110 4625 6 42320 10 5272 6 6148 11 71740
31925 3 4231 1 5101 3 61337 1 7040 3 8543
462 0 5941 0 52659 0 7018 0 71717 0 82055
42259 2 52618 4 61319 2 7 655 3 8 356 1 9 732
5917 8 61148 11 62954 7 8326 11 82031 7 9244
5 25 34 17* 6 28 50 22 7 16 12 16 8 19 31 22 9 7 52 17 101010
611 9 29 7 13 40 35 8 150 28 9 4 32 735 9 22 31 27 10 2513
6 24 54 42 7 26 15 47 815 46 41 91713 47 10 ὁ 36 40 11 s 11
7 5 23 54 8 5 0 56 8 26 48 52 9 2616 57 1017 41 52 11 17 26
7 12 14 59 8 10 5 60 9 3 32 59 10 1 36 60 10 24 42 58 11 22 58
716 49 59 815 17 56 9 813 59 10 6 33 57 10 29 27 57 1127 51
7 23 25 53 8 23 49 48 914 32 54 1014 46 49 11 5 40 54 0 5 49
S 7 23 42 9 6 4 35 9 24 52 43 10 26 50 37 1115 48 44 017 39
817 49 29 9 20 46 28 10 8 33 30 111127 24 112917 31 1 2 8
9 3 21 17 10 7 46 12 10 24 1 18 11 27 23 13 014 40 19 1 18 1
919 38 9 10 23 17 4 11 716 8 013 47 4 1 053 ’7 2 428
¹0 (³13 2 119 48 0 1126 49 2 1 023 O 117 27 2 223 8
10 22 53 Ο 013 29 0 2 4 6 01 3 744

 

 

 

 

