Tabulae Martis finis.

 

 

 

 

 

 

 

 

 

 

 

 

 

 

 

 

 

 

 

 

 

 

 

 

 

 

 

 

 

 

 

 

 

 

 

 

(15 recto)
Ξ
Ξ ξ. 72 73
Ξ ξ Taum capric.
Ξ g m ι» m
10 18 5219 59
20 25 15 26 30
ἒ mim· Aqua
31 2 17 5 13
10 8 39 12 24
Ξ, 20 14 42 19 36
30 21 25 26 46
Pisce
10 26813 3 59
Ξ 20 4 aaaaa 3 H 3
31 11 2 28 23
10 17 23 24 ἡ53
t} 20 332 42 1 κ26
30 1 3 7 9
10 6 22 1218
’ἔ 20 12 46 16 53
31 19 5 2149
3 10 267101 24 56
{0 20 SV 45 26 56
³ 31 10 23 27 1
'5 10 16 5 Ι 26 25
Ξ 20 22 38 24 13
‘¹² 30 29 6 21 43
Lim
k 10 5 38 17 36
ξ 20 12 7 1444
0 31 19 25 1325
3 10 26 13 13 18
Ξ 20 {cmg} 14 37
Z 30 10 37 16 53
-ffi 10 15 10 10 27
3³45 2³ ³³
q 30 08254 27 50
Taurus
g 10 7 53 2 43
Ξ 20 14 46 7 29
2, 31 22 36 13 18
3 10 28 20 19 23
t capric.
ξ 20 6 55 23 56
’ζ 28 12 40 2719

 

 

 

 

 

 

 

 

Ι
Ι

 

 

 

 

 

 

74 75 76
Gemini Aquarius Gemini
g 111 ε’ m g 111
3 45 8 0 21 13
9 45 15 48 ²c³ 53
16 19 23 16 16372

Pisces
21 58 2 4 6 44
28 3 9 45 1210

Cancer
3 57 17 13 17 51
10 4 25η 1 23 28
15 29 2 u16 29 ο26
22 57 10 30 5 ω50
2-8 012 17 36 11 35
51Σ ⁰20 24 33 17 58
13 40 1ν16 25 12

Virog
17 54 7 51 0 31
24 16 14 23 6 48
17 81⁰4 25 18 13 55
7 44 26 46 20 25
14 20 1οεηέ’6 27 “0
Libra
21 23 7 12 4 16
26 56 1123 11 8
5 0 16 12 17 56
11 23 17 124 42
Sco parius
18 6 18 22 1 49
24⁰ 59 17 53 8 55
0 56 16 12 16 49
9 31 1413 24 4
Sagitt.

16 33 10 11 1 23
2339 7 14 8 45
Sagitt.

0 59 5 2 1619
8 3 1 31 231³ 57

16 5 ο 55 ι ‘5¹54
²033? 1 ³⁵ 2 ⁴0
0 58 3 39 17 26
9 11 5 59 26 0

Aquar.

16 41 9 5 3 46
24 25 12 59 11 30
Aquar.

0 25 16 41 18 15

 

 

 

 

 

 

 

 

 

 

 

 

 

 

 

 

 

 

 

 

 

 

 

 

 

 

 

 

 

 

 

 

 

 

 

 

 

 

 

77
Aquar cimm
e m g 111
25 Zsl 1123
pnes
3 30 15 25
12 8 2053
19 45 23 40
²4⁷4}ss ²32&
5 24 2 43
13 4 7 55
20 22 14 0
28 8 19 58
T aaaaa
5 17 2ῐξὲο9
12 24 1 18
19 34 7 12
26 13 13 41
26Μ4υ8 21 5
9 53 27 4
Libra
16 9 3 43
22 10 10 43
28 24 17 47
canc:
3 53 2940747
8 58 3 40
13 36 8 52
17 32 9 5S
21 11 23 22
εαιηέιιι
2421 2 ,6
25 3 S 57
26 37 17 3
26 1 24 3
Caprrc.
2433 1 29
2122 9 23
16 56 17 29
12 33 218 45
9 43 5⁸³2&
7 23 12 17
7 18 20 23
7 53 27 58
10 ὅ 4 53

 

 

 

 

 

 

 

 

 

 

 

 

 

 

 

 

 

 

 

 

 

 

 

 

 

 

1242

20 33

29 7
Aries
6 45

14 9
21 47
29 14
Taurus
Ο 31

14 27

2131
29 24

nnnnnn

1211

19 14
26 40
c ιιιιι

837

15 20

20 58
26 30
Leo

2 1

7
1141

1612

20 23

2413

28 14

-919

2920

27 12
24 5
2ο 18

15 13
12 40²
10 48

 

 

512745

 

 

