 

 

 

 

 

 

 

 

 

 

 

 

 

 

 

 

 

 

 

 

 

 

 

 

 

 

 

 

 

 

 

 

 

 

 

 

 

 

 

(11 recto) Tabula Jovis.
ἐ --.-
{3 ,Ξ 60 61 62 63 64 65 66 67 63 69 70 η
Ξ Ι ἒ Taum Gemini came Le Virgo mma Scorpius Sagittar. Capram Aquariu Pisces Aries
ἒ Ξ g ιιι g m g g g m g ιιι g m g m g g g m
m 10 14 26 13 22 13 51 15 59 19 34 23 12 25 51 26 46 26 7 24 36 22 20 20 4
’Ξ 20 16 26 14 4ο 14 12 15 16 18 10 22 8 25 37 27 30 27 43 26 48 24 46 22 31
Σ 31 18 48 16 19 14 45 14 58 16 57 20 43 24 5128 16 29 22 29 4 27 21 24 53
Μ 10 20 52 18 2 15 48 15 0 16 7 20 28 24 6 28 10 ξω 34 gm5s9 29 “40 27 20
Ξ 20 23 11 19 54 16 58 15 18 15 27 18 23 23 0 28 1 1 26 2 46 1 “56 29 55
30 25 28 21 52 18 23 15 5ο 15 11 17 9 21 46 27 41 1 57 4 20 4 4 2 ms7
m 10 Ξβ 49 23 57 19 57 16 40 15 12 16 17 20 31 26 44 2 21 6 10 6 7 ·4 26
Ξ 20 0mu1n4 27 3 21 44 18 47 15 29 15 37 19 14 25 49 2 20 6 44 8 3 6 44
31 2 47 28 39 23 47 19 14 16 4 15 12 17 57 24 23 1» 46 7 32 9 53 9 6
10 5 3 (ξωηέι 24 46 20 52 16 57 15 20 17 3 23 5 1 14 8 3 11 25 11 12
’Ξ 20 7 15 3 7 27 53 22 33 18 6 15 37 16 25 22 47 16 8 17 12 47 ¹3 13
30 9 23 5 39 0 ω3 24 30 19 24 16 8 15 4 20 32 29pm6 8 7 13 4ο 15 0
10 11 25 7 37 2 13 26 18!⁹ 21 27 16 59 16 10 19 49 27 45 7 34 14 20 16 37
’ξ 20 13 19 9 49 4 27 28 20 22 38 18 8 16 23 18 53 26 26 6 47 14 28 17 59
31 1513 1210 6 54 ον 36 24 41 19 35 16 58 18 26 24 19 5 34 14‘50 19 15 ι
3 10 16 48 14 8 9 13 2 48 26 34 20 S¹ 17 53 18 20 24 3 4 21 14 37 20 16
ξ, 20 18 7 16 8 11 8 5 0 28ι 40 22 52 19 10 18 44 23 6 3 2 13 58 20 35
³ 31 19 15 17 59 13 29 7 23 ιωωὸ 24 54 2ο 28 19 14 22 41 1 33 12 52 20 55
ἓ 10 2ο 0 19 29 15 26 9 32 3 8 26 55 22 4 20 22 22 33 0 27 11 48 20 48
Ξ 20 20 27 20 49 17 22 11 39 5 18 29 10 23 50 21 12 22 48 ‘35⁰3‘ss 10 31 20 24
‘⁷²⁰ 30 20 43 21 57 19 20 13 41 7 31 {wrm} 25 42 22 33 23 3 28 46 9 10 19 41
10 Ι 20 34 22 47 20 30 15 35 9 35 3 13 26 52 24 4 23 59 28 27 7 52 18 40
ΤΞ* 2ο 20 8 23 17 21 50 17 29 11 45 5 34 26 149 25 52 25 4 28 20 6 48 17 26
31 19 1 23 37 23 4 19 15 13 59 7 43 ξῦσαί-1 28 26 26 29 '28 10 5 50 15 59
ἓ 10 18 15 23 34 23 52 20 48 15 53 10 1 4 24 (29 58 28 3 2Ρ9 27 5 14 14 47
20 17 52 23 7 24 2122 7 17 42 12 10 6 38 &grang 29 5 οω255 5 2 13 24
3ο 15 40 22 28 22 45 24 16 19 22 14 17 s 55 4 23 ὛΨἽΞ ι ‚5 5 10 12 32
ξ 1ο 14 20 2128 2441 24 4 20 54 16 4 11 9 6 39 3 41 3 8 5 35 11 44
ξ 2ο 13 4 20 20 24 25 24 35 22 12 18 5 13 22 8 56 5 59 4 41 6 17 11 14
ἢ 3ο 12 8 18 57 23 34 24 59 23 25 19 57 15 41 11 31 8 28 6 43 7 11 11 6
ἒ 10 11 24 17 39 22 36 24 54 24 12 21 30 17 44 13 46 10 47 18 43 8 41 11 27
Ξ 20 10 58 16 9 21 37 24 34 24 42 22 51 19 39 16 7 13 8 10 51 1014 11 53
Ξ 31 10 52 15 14 20 12 23 50 25 2 24 9 21 39 18 30 15 47 13 20 12 17 12 47
3 10 11 13 14 27 18 59 22 55 24 57 25 7 2317 20 41 18 8 15 37 Ξ 14 4 13 56
Ξ 2ο 11 40 14 2 17 42 21 8 24 36 25 28 24 44 22 42 20 30 18 0 16 4 15 17
ιζ 28 12 18 13 46 16 51 20 39 24 20 25 45 29 37 24 28 22 21 19 55 17 46 ¹0 371

 

 

 

 

 

 

 

 

 

 

 

 

 

 

 

 

 

 

 

 

 

 

 

 

 

 

 

 

 

 

 

 

 

 

 

 

 

 

 

 

 

 

 

 

 

 

 

 

 

 

 

 

 

 

 

 

 

 

 

 

 

 

 

 

 

 

 

 

 

 

 

 

 

 

 

 

 

 

 

 

 

 

 

 

 

 

 

 

 

 

 

 

 

 

 

 

 

 

 

 

 

 

 

 

 

 

 

 

 

 

 

 

 

 

 

 

 

 

 

 

 

 

 

»³619ae

 

 

 

 

 

 

 

 

 

 

 

 

 

 

 

