 

 

 

 

 

 

 

 

 

 

 

 

 

 

 

 

 

 

 

 

(28 recto) Argumentum Lunae adaequatum 1302 anno domini.

m F gv d F avn a Fen 1 d F 2111 ω 1- 1v a verm ν1 ω
Ξ Die 1 z} 31 ’Ξ 29 ’Ξ 29 ξ 24 a} 27 Ξ
ξ ἓ ἓ ἒ ἓ , ἓ ἓ
Ξ Mamus ζ Mart Ξ Ap 1 ζ Manus ζ Jun ζ Jul· ζ

g m g ,ε’ e

1 12828 4 324 7 3196 4 42242 7 5942 3 6619 6
2 2 14 58 12 ,2 18 - 15 4 5 36 11 0 9 1 16 5 26 14 11 6 29 40 15Ι
3 2 27 59 22 4 3‘57 28 4 21 39 22 5 24 31 27 ὁ 1 19 21 7 15 23 27
4 3 15 45 35 4 17 49 41 5 6 33 34 6 8 39 40 6 27 18 34 7 29 30 40
5 3 28 13 48 4 28 35 52 5 19 12 47 6 19 38 52 7 10 9 46 8 10 42 52
6 4 6 51 57 5 5 23 59 5 28 6 56 6 26 39 59 7 1919 56 817 0 58
7 411 59 60 7 9 33 59 6 3 19 60 7 1 15 59 7 24 46 60 8 22 36 59
v8 4 17 23 57 5 16 ,9 53 6 q 21 57 7 1 46 54 7 29 41 57 8 28 5ο 55
9 4 25 44 48 5 26 58 43 6 16 45 49 7 17 50 43 8 7 46 50 9 8 43 44
10 5 8 9 38 6 10 40 29 6 28 56 36 8 1 24 30 8 19 44 37 10 22 8 31
11 5 22 54 23 6 26 9 19 7 13 35 23 813 50 18 9 417 24 10 7 9 19
12 6 8 55 12 713 6 8 ¹ 7 29 33 12 9 3 3 9 9 2ο 11 13 10 23 41 9
13 62525 4 729 9 2 816 1 4 91338 2 10 639 5 111011 2
14 7 12 1 Ο b 15 40 Ο 9 2 37 Ο 10 616 Ο 10 2315 Ο 1126 53 Ο
15 7 28 41 1 9 2017 3 919 17 Ο 10 22 54 2 11 9 53 Ο 013 31 2
16 8 15 36 5 918 50 9 10 5 53 5 11 9 28 9 1126 9 5 1 0 5 8
17 9 1 41 ,15 10 5 0 19 10 22 19 14 11 25 40 18 0 12 57 13 1 16 20 18
18 917 30 25 10 20 8 31 11 812 25 011 3 31 0 28 53 24 147 30
19 10 1 51 35 11 3 4 44 1122 40 38 0 24 38 44 113 28 36 15 24 43
20 1013 28 51 11 13 O0 53 0 4 30 50 1 4 44 54 1 25 28 49 25 43 54
21 10 21 1ο 58 11 19 28 59 0 12 34 57 1 10 0 58 3 42 57 3 8 59
22 10 25 57 60 11 24 8 58 0 17 18 60 1 15 26 58 8 40 60 3 6 44 59
23 11 137 55 0 1 33 52 0 22 50 55 122 37 52 2 14 2 56 31 18 48
24 111113 45 0115 39 1 2 9 46 2 3 44 40 23 Ι 47 3 24 37 28
25 1124 21 32 0 27 5 29 1 5 7 33 17 3 27 3 5 53 38 4 b 30 16⁴¹
26 0⁷ 9 31 20 1 12 5ο 15 010 21 3 3 8 16 ‚ 20 50 22 4 24 8 7’
27 0 25 39 10 1 9 53 6 1617 10 3 19 50 6 4 6 55 11 510 27 2
28 11211 3 21542 1 3 249 3 4 623 1 423 25 3 527 0¹
29 12849 Ο 3011 0131925 0 1230 Ο 5103 0 61342 3
30 2 15 29 2 5 26 43 1

 

 

