 

 

 

Elevationes Signorum in circulo rect0. {⁵37v22r))

x 11 t x A] A aalma x Aaeq t A Aq t A Aq 1

ξ ς p d Aq 11 n« 1 die A 1111111 ἰ ιιιιιιι T a ιιιιιι G 111111 durum

ε g ν g g m g m e m g π ι m g m
1 1 6 3 41 33 15 Ο 37 63 4 0 12 90 55 2 15 118 50 4 41 148 5ο 5 33
2 2 11 3 33 34 17 Ο 33 64 1 0 15 9150 2 20 119 48 4 44 149 53 5 33
3 3 17 3 25 35 19 O 30 64 58 0 17 92 45 2 25 120 46 4 48 150 56 5 33
4 4 22 3 18 36 22 Ο 26 65 55 0 20 93 40 2 30 121 44 4 52 151 59 533
5 v S 3 11 37 23 O 23 66 52 Ο 22 94 35 2 35 122 42 4 55 153 2 5 33
6 6 33 3 4 38 24 0 20 67 48 0 24 95 30 2 41 123 40 4 58 154 5 5 32
7 7 38 2 57 39 26 0 18 68 45 0 28 96 25 2 46 124 38 5 2 155 9 5 29
8 S 43 2 50 40 27 Ο 15 69 41 O 31 ἱ97 20 2 52 125 36 5 5 156 13 5 26
9 9 48 2 4 41 28 Ο 13 70 37 O 35 98 16 2 57 126 35 5 8 157 17 5 23
10 10 53 2 37 42 29 0 10 71 32 0 38 9911 3 3 127 34 5 10 158 21 5 20
11 11 08 231 43 29 0 8 72 29 O 42 100 6 3 8 128 33 5 13 159 25 5 17
12 13 3 2 24 44 30 Ο 5 73 25 0 45 101 1 3 14 129 32 5 16 160 29 5 15
13 14 S 2 17 45 30 O 5 74 21 Ο 49 101 57 3 19 130 31 5 18 161 33 5 12
14 15 13 2 10 46 30 O 4 75 17 0 54 102 52 3 24 131 30 5 20 162 37 510
15 16 18 2 3 47 30 O 3 76 12 Ο 58 103 47 3 29 132 30 5 22 163 42 5 8
16 17 23 1 56 48 30 0 2 77 8 1 3 104 43 3 34 133 30 5 23 164 47 5 5
17 18 27 1 49 49 29 0 1 78 3 1 7 105 39 3 39 134 30 5 25 165 52 5 3
18 19 31 143 501840 o 78 59 11210635 344 135 30 527 166 57 5 Ο
19 20 35 1 37 51 27 O Ο 79 54 1 16 107 31 3 49 136 31 5 28 168 2 4 56
20 21 39 1 31 52 26 0 1 80 49 1 21 108 27 3 54 137 31 5 29 169 7 4 53
21 22 43 1 27 53 25 Ο 1 81 44 1 25 109 23 4 O 138 32 5 30 170 12 4 49
22 23 47 1 19 54 24 O 1 82 40 1 30 11019 4 5 139 33 5 31 171 17 4 46
23 24 51 1 14 55 22 0 2 83 35 1 34 {11 15 4 11 140 34 5 31 172 22 4 43
24 25 55 1 2 56 20 o 2 8430 13911212 416 14136532 17327 440
25 2658 1 4 5719 o 3 5525 144113 842014237 532 17433436

26 ‘³ 1 Ο 59 58 17 Ο 4 86 20 1 49 114 5 4 23 143 39 5 32 175 38 4 33 ·

27 29 4 Ο 54 59 14 0 6 87 15 1 54 115 2 4 27 144 41 5 32 176 43 4 30
28 30 7 0 49 60 12 0 7 88 10 2 O 115 59 4 31 145 43 5 33 177 49 4 27
29 31 10 Ο 44 61 10 Ο 8 St) 5 2 5 116 56 4 34 146 45 5 33 178 58 4 24
ἴ 30 32 13 O 41 62 7 0 10 90 0 2 1Ο 117 53 4 37 147 47 5 33 180 0 4 20

 

 

