 

 

 

3 0 9 41
Β 4 0 24 15
5 1 6 14
6 1145
7 1 19 20
8 1443
9 2 3 50
10 2 16 39
11 3138
12 3 17 43
13 4 3 31
14 4 20 51
15 5 7 3Ο
16 5 24 6
17 6 10 27
18 6 26 9
19 7 10 16
20 7 21 25
21 7 28 39
22 8 3 19
23 8 9 25
‹)220ber
24 8 19 28
25 9254
26 9 18 14
27 10 4 28
28 10 21 2
29 11 7 40
30 11 24 19

56

10 21 37

11 8 2

11 24 32

0 11 13

53

59

 

1 16 24

2 0 21
2 16 2
2 27 15

3 5 39

3 10 11
31556
3 24 49
4726
4 22 18
5 8 26
5 24 52
6 11 28
6 28 8
7 ¹4 43
8 1 7
8 16 52
9 1 5
9 12 28
9 19 0
92436
10 0 31
10 10 33

1ο 23 40

47

 

3 27 33
4ν48
4 7 42
4 14 27
4269
5 10 5
5 25 39
6 11 52
6 28 25
7 15 7
8 1 43
8 18 17
9 5 16
91936
10 2 47
10 12 25

10 18 10

10 23 5

11 0 34

11 12 8

11 26 26

39

2 25 2
3133

4 5 49

4 18 18

42655

5 2 3
5 7 27
51548
5 28 13
6 12 58
6 28 59
7 Ι5 27
8 2 5
8 18 45
9 5 40
9 21 45
10 7 34
10 21 55
11 3 32
11 11 14
11 15 57
11 21 41

0 1 17

91445
629 35

¹ ¹5 43
2 2 15

Februarius
2 18 53

3 5 33

4 24 1
5 7 53
51859
5 25 25
5 29 59
6 6 33
6 17 2
7 0 47

7 Ῑ7 13

8 3 30

8 19 13
9 5 44
9 22 21
10 8 54
10 25 2
11 15 12
11 23 46
0 3 34
o 9 32
0 14 8
0 57 37

1 41 26

217 9

 

Ὀῳῦωω

 

 

