 

 

(39 recto)
(157 recto)

 

Argumentum Lunae aequatum anno domini 1312-13.

 

 

 

 

 

 

 

 

81013
9 5 32
9 2110
10 516
1014 31
10 22 56
10 27 32
11 356

1114 15

ΙΙ 27 53

01319
02935
11610
2248
21925
3559
32211
4732
42058
5059
575
51146
51859
609
6141ss
61959
71722
8257

81336

 

111323
Marcius
7112929
01433
02731
1650
11224
11615
1258
270
22128
3720
32249
41022
4273
51338
607
6165
7042
71254
72117
72622
8135
81020
8238

980

 

 

 

3
10
21
33
46
56
60
57
50
38
22
14

5

1

O

4
12
23
36
49
57

 

 

 

(DN-0020

 

