Argumentum lunae aequatum. (27 verso

 

 

 

 

 

 

 

 

 

 

 

 

 

 

1 111 1 <<<<< X Γ Χ 1 Fer 1 F 11 Fern IV
a a Ξ ω ,Ξ e«
Die 5 Ξ 5 ξ 3 -ἓ 3 -ξί 1 ξ 31 {²

0 0
Ξ- ἓ 3 ἓ ἓ ²
:- ς.. n. οι r·- a.
&Apten b Ξ Oct b E Nov b Ε D eeeee ber g Jauuarius ε Feb Ε
Ξ ,Ξ ,Ξ ,Ξ ——— ἒ ,ἓ
Ξ Ε Ε Ε Ε
3⁷

 

8 26 37 1 10 0 12 9 1017 14 5 1120 49 10 0 7 51 4 111 27 ⁷8
)10 ,1 14 1016 23 19 11 3 41 13 0 7 4 18 0 26 20 12 127 44 17
9 28 57 25 11 1 46 31 11 19 37 24 0 22 30 30 1 1017 23 2 13 14 29
1013 21 38 111513 44 o 411 37 1 6 6 43 124 58 36 226 57 43⁴

01
ω

10 25 S 50 112516 54 01610 49 116 23 54 2 711 48 3 7 29
11 3 2 57 0 1 20 59 0 24 48 57 1 22 20 59 2 15 35 57 3 14 4 59
11 7 52 60 0 6 1 58 0 2916 60 1 27 17 59 2 20 48 60 3 17 38 59

 

33——

 

 

 

 

111327 55 01315 52¹ 1 439 56 2 419, 52 225 54 56 325 23
1122 49 46 O 24 24 40 113 46 47 21515 41 3 4 45 47 4 6 5 421
0 5 49 33 1 8 31 27 1 26 35 34 2 2913 28 317 29 35 4 20 1 281
o 20 51 21 1 24 13 16 2 11 34 21 3 14 51 16 4 2 14 22 5 5 35 16ἱ
1 621 10 2 10 34 7 227 59 11 411 9 7 41822 11 52148 » 7
1-333 3 625 1 31327 3 41745 2 5448 4 6821 2
109 *O 31349 O 4041 Ο 5426 0 52124 0 6253 0
650 2 4025 3 41726 1 5213 3 684 1 71139 3ι
313 24 7 416 57 11 5 4 6 6 7 35 10 6 24 39 6 7 28 13 10
329 44 6 5 3 2 21 52013 16 623 41 21 711 ν3 15 81512 20
4 15 23 27 518 9 24 6 ὁ 5 27 7 8 47 33 7 26 48 27 8 29 32 :32
8 29 21 41 6 0 50 46 6 2012 40 7 2148 46 8 11 1 39 912 43 45
51017 52 6 9 57 56 7 121 52 8 1 9 55 8 22 24 52 9 22 21 55
51718 59 6 15 22 60 7 8 35 58 8 6 43· 60 8 29 52 58 9 28 6 60
5 2156 59 6 2018 58 71715 59 8 11 34 57 9 4 32 60 10 5 1 58
5 28 14 54 6 28 26 49 7 19 20 54 8 19 28 50 9 10 27 55 10 10 30 503

 

6 8 31 43 7 10 26 37 7 29 24 44 9 1 15 36 9 2019 45 10 22 4 39 2
6 22 6 36 7 24 59 24 8 12 15 31 915 34 25Ὶ 10 3 36 32 11 6 22 27
7

 

7 32 18 8 10 54 13 8 2811 19 10 1 33 14 1018 21 17 1122 11 “ 15

 

7347 8 82722 5 91424 9101758 51152 9
61029 2 91358 Ο 10 058 2 11435 1 112135 3 025 1 1
8271 010038 0101736 011219 0 0813 Ο 1152 0
913 58 2 11415 2 02452 2

 

 

§252 ωε

