Tabula Martis. (η verso)

 

    
   
              

MENSES

 

 

 

 

 

 

 

 

 

 

 

 

 

 

 

 

       
     
     
  
    
         
     
       
          

 

 

 

 

 

 

 

 

 

 

 

 

 

 

 

 

 

 

 

 

 

 

 

 

 

 

 

 

 

 

 

 

 

 

 

 

 

 

 

 

 

 

 

 

 

 

 

 

 

 

 

 

 

 

 

 

 

 

 

 

 

 

 

 

 

10 13 26 18 10 1 29 3 35 25 54 21 420 59 5 54 23 28 21 50 4 2 5 49
Ξ 20 18 20 25sce5sS 5 28 11 52 27Lw36 28 17 28 ο52 13 19 20 59 28 35 7 23 12 41
312426 4 27 10 21 20 37 0 18 6A 42 28 55 20 54 17 8 r1s5 11 3 2013
ιω 10 29 52 1211 15 8 28 40 3 56 13 9 29 001 28 38 13 9 13 9 13 9 26η 45
Ξ 20 5 44 20 3 20 1 6A 13 7 29 21 19 0 24 5 47 9 46 20 6 13 56 3 “¹2¹2
3ο 1129 27 33 23 46 13 27 11 53 29 9 2 55 Ι3 5 8 2 28 9 11 17 9 57
10 17 24 {vu-:2 29 049 20 59 16 31 {dmg} 6 5 20 15 7 26 3 ”¹51 10 49 16 33
Ξ 20 23ω19 12 28 6L 8 28ιὲΥο 22 15 13 39 9 40 ZZsziS 8 10 10 44 5 59 {zum 42
31 0 4 20 38 12 42 6 27 38 21 34 14 33 4 50 11 24 18 18 4 35 0 10
3 10 6 12 2Τ7ω4ξ) 18 46 13 39 2Vng1⁰2 {3⁸33 19 22 11 40¹ 13 23 205πένὸ 1¹45 7 23
ἐ 2ο 12 1 4 49 447839 20 33 9 9 5 28 24h 45 18 27 16 29 1 46 259ο 57 13 9
30 18 43 11 50 1 7 27 21 14 56 11 19 0L Μ26 25 5 21 53 7 57 29 52 19 35
Gemini Cancer Sagitt.
ἒ 10 24rg40 18 42 7 5 4 14 21 6 19 9 6 23 1 43 23038 14 25 2 22 22⁰1
Ξ 20 1 28 25 13 12 4211 11 27· 12 25 37 12 35 8 42 1 55 20 53 3 11 2 5ο
31 8 19 2e⁷mm6 20 32 18 15 4 31 ξάηεῖό 19 47 15 22 8 21 27 57 7 8 9 25
ἓ 1οΞ 34 38 8 3 27 8 2C4m12 11 8 9 7 27 14 22 51 14 43 4ιω38 11 21 15 42
ξ, 2ος 21 24 12 51 OL1⁷r38 0 49 18 53 15 5 ξω p9 28 10 20 31 10 24 16 26 22 ’9
Ἥ 31 27 42 19 51 11 7 7 9 25 33 22 59 10 39 4Leo3 28 2 17 24 22 464 29 56
Lam Scorp. Sagen. Virgo
ἔ 10 5 12 24 53 18 1 12 47 1 50 29404 17 40 11 5 5 31 23 39 209pr31 5 31
{g 20 12 7 29M16 24 57 18 34 9 5S 3 55 24 ,5ο 17 6 11 46 29 58 4 42 11 47
30 18 47 3614 {wgo 29 41 16 49 10 36 2151711217 23 6 19 49 6ν r„ ⁰6 11 44 19 12ι

 

 

 

 

 

 

 

 

 

 

 

 

 

 

             
        

 

 

 

 

 

 

 

 

k 10 25 40 7 38 9 4 29 30 24 7 15 18 9 28 28 50 26 57 12 11 18 39 2L4 34

ὲ Scorp. Leo Sagitt. V'r rog Ca amp

ἐξ 20 2 38 8 57 16 36 3 55 1 17 2019 17 16 4 41 4 45 1816 345056 0 49
31 10 18 10 13 24 21 8 2 9 40 25 37 2512 1137 13 12 25 15 3 35 7 49

       

 

 

 

 

 

 

           
        
 

 

 

 

 

 

 

 

 

 

 

 

 

 

Sagun Virgo Capris. :abra
,ὁ 10 17 32 10 27 1 40 10 29 16 58 0 16 2 44 ¹16 20 21 5 1 1 10 59 14 16
Ξ 20 23 41 8 52 9 4 12 48 25 .2 4 53 10 14 21 42 28 40 6 40 17 48 20 39

30 Ιςιὲ ‘45 7 0 16 43 14 48 {apg-:5 8 46 18 22 26 52 &mamb 12 53 25 3 27 15

       

    

        

           

 

     
     

 

     
         

 

 

 

 

 

 

 

 

 

 

 

        
    
      
   
     

 

 

 

 

 

 

 

 

 

 

 

 

 

 

 

 

ξ 10 9 3 3 25 24 13 16 22 10 8 13 15 26 am9 1L1r543 13 52 18 55 2¹m16 3W37
ἓ 20 16 40 27 59 ξψ53 14 47 18 0 14 56 4q 0 6 28 21 38 24ο 19 9 36 9 56
Q 31 25 0 24 14 10 21 12 45} 26 33 16 6 12 50 12 0 29 53 0 26 17 30 18 3

10 {archS 19 5 17 56 9 19 {iquos} 18 0 19 50 16 14 7Pm4s1 5 55 24 ἰε40 24 14

20 1012 20 15 28 48 4 41 12 24 16 54 2819 19 7 15 7 11 29 4Α 40 galga
Ξ 31 18 35 21 58 ἴω 53 2916415 21 8 15 24 6P “42 21 45 23 25 16 28 9 39 8 20
3 10 26 19 23 28 12 23 27 22 295: 3 13 38 1429 23 35 οΑνκ46 22 21 16 27 14 32
Ξ 20 417”(131 25 51 12 53 25 27 ⁶155 9 44 22 0 21 14 8 8 26 37 23 27 21 10
Ὦ 28 9 40 28 1 26 41 25 14 12 58 5 44 28 10 24 25 14 14 29ἡ 36 28 58 26 18

 

 

 

 

 

 

 

 

 

 

 

 

 

¹ Fl-{ua ’

 

 

922226

