Tabula diversitatis adspectus in longitudine et latitudine ad 43 gradus, (¹⁷8 mm)

(00 verso)

*ψῃ-*ψω-

 

 

 

 

 

 

 

 

 

 

 

 

 

 

 

 

 

 

1 ἑ 2 ⁴ ἓ ⁵ 7' ἐ ³ *¹ ἑ ⁵³ 5 ἐ ³² *² 2 Ξ 7
¹7 39 36 36 34 36 7 16 41 48 32 24 6 42 46 48 22 47 6 47 24 16 48 5 4 46 48 20 24 4 35 31 47 41 48
1 7 37 48 35 36 7 42 48 43 12 6 46 24 18 0 5 46 24 16 48 5 46 24' 20 48 4 34 36 35 12
(1 37 12 32 12 6 43 42 23 47 5 44 45 17 40 4 41 37 18 48 4 43 24 24 12 3 30 48 38 56
5 37 0 28 12 5 40 48 20 47 4 41 0 17 20 3 Χ35 56 21 24 3 38 24 31 12 2 25 24 41 36
4 32 47 25 47 4 37 24 19 48 3 35 25 17 45 2 26 45 24 12 2 32 0 32 12 1 18 24 44 12
j 3 26 12 21 48 3 31 24 18 45 2 26 24 18 24 1 11 24 28 12 1 24 0 35 12 . 0 0 0 0
1 ,ἶ 18 48 18 48 2 23 24 17 12 1 18 36 2128 . 0 Ο 0 0 . 0 0 O Ο . O 0 0 0
1 924174811401648 . 00 00 . 00 00 . 00 00 . 00 00
ξ 001024 Ξ 4501912 ξ 930 2448 Ξ 110 3212 ἓ 1503912 {100 4412
11 9241747030 00 2040 1 036 2848 . O 0 O O . 00 0 0 . 0 0 00
ἶ 2 18 28 18 47 1 4 48 21 48 14 0 0 29 0 1 6 12 34 15 l 8 36 42 12 . 0 0 Ο 0

3 20 12 21 48
x 4 32 47 24 48
1 5 37 0 25 12

0 37 12 32 12

13 48 25 12 2 6 48 32 48 140 O 0 37 20 136 0 0 43 12 045 0 0 48 36
20 48 29 12 3 14 12 37 12 2 3 24 34 36 1 2 48 46 12 1 4 12 46 30
24 48 34 0 4 19 12 40 48 3 14 24 42 36 2 10 12 47 12 2 11 24 46 36
28 12 36 12 5 21 50 43 12 4 16 48 45 36 3 15 48 46 36 3 19 39 45 48
5
6

υἱ ἀλ ω t&

7 3748 3636 7 2712 4314 6 2312 4512
,739 3636 3436 716 2536 4418 642 2112 4612

1912 4550 5 2030 4042 4 2245 4412
2048 4030 5402112 4042 435 2530 5012

 

 

 

 

 

 

 

 

 

 

 

 

 

 

 

 

 

 

 

 

 

 

 

 

 

 

 

 

 

 

 

 

 

 

 

 

 

 

 

Ξ. ·-: ἓ Α Ξ ..1 Ξ »ἔ ἕ Α ἑ ..1

430 3320 3712 445 2430 4012 518 2112 401220 2048 4830 040 2212 4012 720 2424114412
14 3212 3912 4 2244 4515 5 20 30 40 3015 1912 4530 0 2112 4512 7 20 48 4310
’3 2412 42 30 3 10 48 4030 4 19 38 4712Ι 4 15 50 44 24 5 20 30 4312 0 2912 3912
12 17 24 4512 2 748 4730 3 10 20 401543 11 0 4230 4 19 20 40 40 5 20 30 3012
1 922 4030 1 0 0 40 0 2 248 4430 2 248 3930 3 1412 3712 4 2530 3320
ξο 0000 1 030 4530140 00 430140 00 300 2 748 3240 3 2048 2912
10 00 00 . 00 00 1 730 4339 1 024 383914 004015 2 1340 2545
10 00 00 . 00 00. 00 00 . 00001 03027301 445 2148
,1 Ἠ Ἠ Ἠ Ἠ Ἠ- 0 0 2030
'5 0 0 4512 0 10 0 4412 5 15 0 58 0 0 1430 3212 5 1430 24 48 0

τ, Ξ Ξ z a Σ 4301912
000 (10.0000.00 00.00 00.00 0011401845
0 00 00 . 00 00 , 00 00. 00 00 1 1730 2140 2 24301450
0 0 0 0 0 . 0 0 0 0 1 24 0 3012 1 23 0 2712 2 27 0 1848 3 33 30 1748
1 925 40 :30 1 18 24 430 2 3212 3112 2 3124 2415 3 3525 1745 4 30 24 18 48,
32 18 21 4512 2 33 30 3830 3 38 30 32 48 3 38 0 2130 4 41 0 1724 5 40 28 20 48}
¹3 2512 4412 3 2428 3512 ,4 43 24 3912 4 4214 1845 5 4540 1724 0 4424 33 48²
'4 5212 3012 4 3924 3148 5 4524 40 0 5 40 22 1040 0 40 24 18 0 7 42 45 2740
¹430 33 30 37121115 4147 28 45 518 40 48 53 30 0 48 24 10 30 040 40 40 2248 720 4148 2740

 

 

 

 

 

90118959

