1408

Tabula Mercurii.

Tabula Mercurii.

(17 verso)

 

 

Μιᾼ-Λὲςὲς

⁴ *A PRILIS MAR'fms

nudus

Al’o'Fsrz's

10 2· ,22
15 [ΥΠ-ἵκ
20 ⁶ ⁵
25 22

1120 41121425ω38

ΛΜ· 16 30 lsc27 236 2ςε14

20 202ι7κ4ὃ 5191437

2, · 2213 2218 10331925
ΜῙ2 22 39 21 6 17 15 2329

16722172631039

Α ries

2 1259 2615 53119 7
ms

930 315 13 56 2Τ8 39
9 55 2 23 ιε) 7””5”9

Ta nr ns

12 36 2 42 17 20

17 24 2· 2 1212 2’,
aur! enlin}

 

 

FEBRUARIUS

 

 

ocrOBER SEPTEMBER

ΝΟ VEMBER

DECEMssl-:R

5 14 8 212
10 14135 8 27
15 14 33 15 22

302

5
10
15

cor
25

20 25 16 14

26 10
Libra

5 3
14 42 2
601

22 2

17 14
15 6

9 18 21, 12 49
ΥΩ
11 59

 

10 11
S 15 1018
12 17

166

19 48 .
22 48

28 39 2 21 22

. Sagitt-

31

5

10

15

222 216
222845

Scorp.
o 28

3 58 29 19

14 51

- 22 58
Sagitt-

131

723
518

Scorp.

10 35

a ι
,,
a rc
a rie.
aar.

27432 -

aar. Scorp.
6 53 6 48

sagitt.
1 42

653
15262

ZCOpm 59

2637
153

JANIUA RIUS

17 45 2ΒῶΞὲ

. 1033
51 1944 2

7 43
2 3 2
Capric.

29 56
25 41

29 3 12 22
Aquar.

10 7
954
8231951
28 4

2758 6 4 2648

1636252 11 35 22 13 24614035

14 33 15 33 1712 525
21571559 1315 611

2 ²}st 134214 314 8

r ies
3 9

2rm3 849 16 21 20 58
313 445 17 4 2631

 

 

 

