 

 

,- ,ᾖ

m *—

 

 

π

 

 

 

 

ᾖ

——

2 s 053 4 (J 4 ὃ
3 ὸ ¹7 21 12 <3 20 43
4 Q 316 24 ιο 711

Ι 5 017 κζ 36 1010 47
6 s) 25 Ob 49 11 016

Ξ 7 10 81 57 11 6 37
8 1013 9 60 11 11 36
9 1018 00 56 ιι 18 5
10 10 27 6 47 ιι 28 55
11 11 101 34 012 24
12 11 2513 22 o 28 31

13 011 18 11 ι 14 49

14 0 27 49 3 125

15 1 14 26 O 18 ἦ

16 1 6 1 3 3 41

17 17 40 6 ο 1 14

18 3 4 ⁷ 15 4 714
19 3 19 40 27 4 22 28

⁸20 4 3 οδ 40 5 5 32

‘21 4 15 10 52 5 14 59

22 4 2125> 48 5 20 37

23 4 27 0 59 Suggusffi

24 q 3- 0 54 6 3 15

⁴25 1⁴3eb3u1131rn⁹ 44 ὁ 14 50

25 0 27 ω 31 6 2& 22

327 61150 19 7 1512

¹28 ὁ 28 ὁ 9 ὃ 0 37

29 l 14 36 3 ⁸ ¹3 ¹3

 

 

 

 

 

