(139 fecto) Aequatio lunae.

 

       
        
              
              
           
      
          
          
        
           
     

416 48 359 351 342
413 44 355 347 338
49 40 351343 334
46 357 348 339 330

      

4 2.353 344 335 326
359 350 34¹ 331 322
355 346 337 327 318
352 343 334 324 315
349 340 330 320 311
346 336 326 315 3 7
343 333 323 313 3 3

 

340 330 320 310 30
337 327 317 39 257
334 324 314 34 254

 

33132131131250

334
329
325

   

3¹7
321 313 34 255 246 237 228 210

242

317 38 259 250 241 232 223 214
313 34 255 246 236 227 218 29
39 30 250 241231 222 213 24
35 256 246 237 226 218 28159
31 252 242 233 222 214 24155

 

257 248 238 228 218 2 9 2015οἷ
2 53 2 44 2 34 2 24 2 14 2 4 1 55 1 45⁴¹
250 2 40 230 2 20 2 10 2 0 1 50 141

 

247 237 227 217 27156 146136’

  

244 233 223 213 24152 142132Ἰ

240 230 220 2 c> 159149 1391281'

349944

 

