 

 

 

 

 

 

 

 

 

 

 

 

 

 

 

 

 

 

 

 

 

 

³ w ῃ Ξ 1 11 Ξ F n.. x11 .ss Fm 11 f} 1 ‹‹‹‹‹ 111 Ἦ 1« v <a
Ξ Die 21 Ξ 23 ἐξ 21 Ξ 21 -Ξ 19 {³ 19 Ξ
{2- Ξ j Ξ {³- ἕ Ξ*
11 Ξ Feb ξ Ma 111111 Ξ Aprms Ξ Mai Ξ Jumus Ξ Julius Ξ
,Ξ Ξ ,Ξ ,Ξ ,ἓ ,ἓ ἓ
8 ἕ ἕ m a
11 21243 2 31628 4 4329 2 574 4 5246 2
4 2 2 29 26 8 -4 2 56 12 4 20 4 8 5 23 35 12 6 10 41 7
ι 3 3 15 41 18 4 18 59 23 5 6 19 17 (1 9 37 22 6 26 58 16
ἒ 4 4 1 10 30 5 318 32 5 2153 29 6 24 26 35 712 37 28
J 5 4 14 47 43 5 15 56 48 9 5 30 42 7 9 57 47 7 26 27 43
6 42511 54 524 25 57 61616 52 71540 54 S 721. 52
7 5 1 35 59 5 29 37 60 6 22 54 59 7 2ο 46 60 8 14 32 58
8 5 6 10 59 6 4 47 57 6 27 28 59 7 25 56 57 8 18 47 59
9 5ΜΛΙΓ3ΝΞ3 53 6 13 30 48 7 4 9 53 8 4 29 48 8 25 15 54

10 5 23 56 41 6AT¹51¹S58 35 7 14 48 42 8 18 49 35 9 5 39 43
11 6 7 22 28 7 10 54 22 7 28 35 28 ’9 1 32 27 9 19 19 30
12 6 23 29 16 7 26 54 11 8 14 8 18 9 17 32 12 10 '4 47 18
13 7 947 8 8 1324 ,4 829 25 us
14 7 26 23 2 8229 51 0 9 17 0 10 20 39 0 11 7 38
15 8 13 3 O 916 41 1 10 3 40 11 718 1 112416

16 8 28 40 3 10 316 6 10 20 16 1123 52 5 010 46

ῺωΟΝΦ
ὈΝΦΝΦ

- 17 9 16 12 10 1019 40 15 11 6 49 0 10 25 15 0 27 27
18 10 2 12 20 11 5 26 27 1122 58 20 0 26 8 25 113 38 19
19 10 17 26 33 11 19 43 39 0 8 11 32 1 10 32 35 1 28 57 31
20 11 0 30 45 0 120 52 o 2125 42 12213 50 212 20 44
21 11 9 57 55 0 8 43 58 1 1 10 55 2 0 7 57 2 2217 55
22 111455 60 013 26 60 1 611. 60 2 443 60 22818 59
23 11 20 24 58 019 14 55 1 11 41 55 2 10 24 55 3 2 58 58
24 1128 13 50 0 29 1 48 1 19 15 52 219 56 45 31019 52

25 0955 38 11216 32 2045 31 332 33 32134 40

 

ἶ26 0 24 20 35 1 27 29 20 2 15 1 29 3 18 8 25 4 5 43 27

,27 1 1010 14 213 38 6 3 o 48 16 4 4 8 12 4 2127 15

f28 12535 5 3 011 3 31713 6 41749 3 5 750 6

129 2¹311 1 31649 O 4 347 1 5 726 0 52325 1

÷30 22952 O . .. . 42028Ὶο ... . 6115 O
1

 

 

