 

 

          
   

       
    

 

 

 

 

 

 

 

 

 

 

 

 

 

 

 

 

 

 

 

 

 

 

 

 

 

 

 

 

 

 

 

 

 

 

 

 

 

 

 

 

 

 

 

 

 

 

 

 

 

 

 

 

 

 

 

 

 

 

 

 

 

 

 

 

   

 

 

 

 

 

 

 

 

 

 

 

 

 

 

 

 

   

 

 

 

 

 

 

 

 

   

 

 

 

 

 

 

 

 

 

 

 

       

   

 

 

 

 

 

 

 

 

 

 

 

 

 

 

 

 

 

 

 

 

 

 

 

 

 

 

 

 

 

 

 

 

 

 

 

 

 

 

 

 

 

 

 

 

 

 

 

 

 

 

 

 

 

 

 

 

 

 

 

 

 

 

(8 recto) 1408 Saturnus.

Ξ m 48 49 50 51 52 53 54 55 56 57 58 59 1
Ι ξ’ ’ἐ Pisces Pisces Anas Arse Taurus Tamus · σε» ch . · Can Cn Lm
¹& g w g ἕ π g m Ι g g g Ξ g g m

1

Ὦ 10 18 49 29 ,4 10 37 22 38 4 50 17 18 0 7 13 23 26 51 10 36 24 36 8 38

Ξ, 20 19 20, (ἲηῖ3 11 55 23 54 6 1 18 18 1 3 14 5 27717 10 49 24 30 8 19

ἡ 3120 23 1 47 13 23 25 20 7 22 19 39 2 8 15 1 28 0 11 3 24 36 8 11

ἢ 10 21 32 3 10 14 51 26 40 8 39 20 52 3 17 16 11 28 45 11 48 24 56 8 13

Ξ 20 22 37 4 11 16 1 28 1 10 1 22 8 4 29 17 5 20 40 12 29 25 26 8 28

30 23 40 5 19 17 12 29 20 11 23 23 30 5 45 18 6 gmffzb 13 21 26 5 8 54

m 10 6 21 18 22 gmu33 13 43 24 51 7 5 19 30 1 55 14 18 26 51 9 30

Ξ 20 25 14 7 20 19 27 1 47 13 55 26 13 8 27 20 49 3 6 15 24 27 47 10 13

31 25 56 8 14 20 32 3 7 15 23 27 43 10 3 22 19 4 30 16 46 28 58 11 Η
u 10 26 21 8 53 21 27 4 71 16 35 28 59 11 22 23 42 5 52 18 2 OLM)0 12 7
Ξ 20 26 36 9 20 22 7 5 1 17 42] ΞΗΜΎ2 12 39 25 4 7 13 19 8 1 18 13 16
30 26 40 9 42 22 42 5 46 18 39 1 24 13 56 26 25 8 33 20 38 2 29 14 26
9 51 ,23 6 6 25 19 29 2 53 I5 4 27 39 9 55 2157 3 52 15 59
9 48 23 18 6 54 20 9 3 20 16 8 28 51 11 12 23 19 5 12 16 56
9 29 23 19 7 14 20 43 4 6 17 14 g aaaaa 4 12 32 24 44 6 40 18 23
9 6 23 8 7 17 21 7 4 45“ 18 4 1 4 13 41 25 56 7 56 19 56
8 30 22 47 7 10 21 18 5 8 18 46 1 56 14 45 27 7 9 16 20 54
7 55 22 12 6 50 21 12 5 25 19 18 2 41 15 46 28 6 10 27 22 20
6 56 21 34 6 20 21 0 5 29 19 38 3 16 16 30 29 15 11 33 23 30
6 8 20 52 5 46 20 37 5 19 19 47 3 39 17 10 0Lu75 12 31 24 37
5 17 20 1 5 O 19 59 5 5 19 44 3 54 17 39 0 47 13 27 25 38
4 30 19 10 4 11 19 19 4 31 19 29 3 50 17 58 1 19 14 11 26 34
3 4 18 19 3 21 18 31 3 52 19 2 3 42 18 2 1 42 14 44 27 18
2 55 17 34 2 23 17 36’ 3 3 18 22 3 16 17 55 1 52 15 11 27 59
2 48 16 57 1 39 16 42Ι 2 13 17 40 2 44 17 35 1 49 15 25 28 25
2 36 16 30 0 58 15 56 1 16 16 53 2 3 17 3 1 37 15 28 28 40
2 31 16 13 Ο 28 15 16 O 27 15 57 1 17 16 22 1 13 15 18 28 46
15 5 O 28 ].5 41 0 39 14 52 28 39
3 3 16 11 2¹9r 57 14 11 29 11 14 17 23Ἤὲ 14 55 0 14 30 28 23
3 36 16 30 29 0 14 4 28 32 13 33 28 41 13 56 29 17 v13 45 27 52
22 7 4 15 16 57 ἕωῗᾏ 13 55 28 13 12 57 27 55 13 8 2816 13 2 27 15
c 20 23 15 5 6 17 37 0 38 14 4 28 13 12 36 27 20 12 27 27 24 12 14 26 32
ξ 31 24 26 6 7 18 27 1 19 14 29 28 9 12 21 26 50 11 39 26 31 11 15 25 40
7 13 19 221 14 59 28 28 12 20 26 29 11 5 25 51 10 27 24 47,
2 :O 23 58 15 41 28 54 12 30 26 28 10 48 25 6 9 53 23 58,
’ 21 26 3 41 16 20 29 24 12 52 26 3310 38 24 55 9 7 23 ²⁰w

