 

 

 

 

 

 

 

 

 

 

 

 

 

 

 

 

 

 

 

 

 

           
        

 

 

 

 

 

 

 

 

 

 

 

 

 

 

 

 

 

 

 

 

 

 

 

 

 

 

 

 

 

 

 

 

 

 

 

 

 

 

 

 

 

 

 

 

 

 

 

 

 

 

 

 

 

 

 

 

 

 

 

 

 

 

 

 

 

 

 

 

 

 

 

 

 

 

 

 

 

 

       

 

 

 

 

 

 

 

 

 

 

 

 

 

 

 

 

 

 

 

 

 

 

 

 

 

 

 

 

 

 

 

 

 

 

 

 

 

 

 

 

 

 

 

 

 

 

 

 

 

 

 

 

 

 

 

 

 

 

 

 

 

 

 

 

 

 

 

 

 

 

 

 

(τ recto) Saturnus.
Ξ 24 25 26 27 28 29 3ο 31 32 33 34 35
Ξ ἒ Taurus Gemini Gemini enm-er Cancer Le Leo Leo Virgo Virgo Lfbr Libra
'² g 111 e ”² ἒ 2¹¹ ff g ¹¹ 8 111 25 g g m
m 10 22 53 5 57 19 14 2 55 16 50 O 59Ι 14 55 28 51 12 45 26 15 9 26 22 12
Ξ 20 23 51 6 41 19 47 3 13 16 53 0 41 14 28 28 13 11 50 25 41 8 25 21 28
”“30 254 742 2035 345 178 024 1414 2341 1113 24368 12022
- 10 6 16 8 45 21 26 4 26 17 32 o 48 14 7 26 21 10 40 2357 6 59 20 2
’Ξ 20 27 3Ο 9 55 22 25 5 13 18 9 1 4 14 13 27 15 10 22 23 23 6 20 19 2
ἵ 30 28 51 11 10 23 31¹ 6 6 18 54 1 41 14 31 21 21 10 9 22 55 5 44 18 18
10 gemm} 12 26 24 45 7 10 19 47 2 25 15 9 27 33 10 11 22 43 5 18 17 43
Ξ 20 1 34 13 47 26 0 8 20 20 44 3 8 15 38 27 56 10 21 22 42 5 3 17 14
31 3 4 15 2ο 27 29 9 42 22 0 3 43 16 29 28 31 10 44 22 51 4 58 17 58
10 4 24 16 41 28 52 10 58 23 12 5 31 17 25 29 23 11 17 23 11 5 3 17 52
Ξ 2ο 6 38 18 2 3111»er 12 19 24 37 6 24 18 24 Omma 11 56 23 38 5 17 16 55
3ο 7 51 Ῑ9 19 1 36 13 39 25 44 7 37 19 33 1 15 12 48 24 16 5 40 17 S
10 8 1 20 31 2 59 15 3 27 5 8 54 20 44 2 20 13 44 25 1 6 17 17 29
²⁴ 20 8 59 2141 4 10 1619 28 27 10 0 21 58 3 28 14 45 25 57 7 0 18 5
31 9 55 23 51 5 27 17 42 29¹52 11 40 23 21 4 47 15 54 27 7- 7 55 18 40
,ἒ 10 10 39 23 45 6 33 18 54 1ἱω9 13 9 24 2ο 6 3 17 7 28 8 S 58 1940 ,v
ξ, 20 11 12 24 33 7 32 20 3 2 21 14 15 21 58 7 20 13 22 2915 9 ,57 20 35
v* 31 11 38 25 15 8 26 21 4 3 36 15 36 27 22 8 45 19 44 (ζΛΜΞ5 11 10 21 44
10 11’51 25 41 9 7 22 1 4 4ο 16 39 28 34 10 0 21 3 1 49 12 21 22 48
Ξ 20 11 49 25 58 9 39 22 44 5 22 17 48 219 42 11 11 22 16 3 5 13 33 23 58
‘⁰ 30 11 38 26 58 10 4 23 22 6 19 18 45 onzes) 12 19 23 21 4 19 14 48 25 13
k 10 11 15 25 57 1ο 15 23 48 7 0 19 35 1 43 13 24 24 36 5 30 16 0 26 24
Ξ 2ο 10 41 25 39 1017 24 5 2 58 20 15 2 31 14 23 25 41 6 39 17 13 27 43
4 30 9 58 25 7 9 56 24 6 8 12 20 50 3 22 15 20 26 49 7 51 18 22 28 58
¹5 10 9 5 23 41 9 31 23 57 8 6 21 15 4 5 16 3 27 42 8 50 19 22 6Γο ”¹15
ἓ 20 8 21 23 46 8 57 23 37 7 58 21 21 4 18 16 38 28 24 9 43 20 33 1 7
Z 30 7 24 2250 8 9 23 717 32 2120 4 29 17 2 29 4 10 30 2126 2 10
ξ 10 6 38 21 59 7 29 22 49 7 5 21 7 4 32 17 16 29 30 11 10 22 14 3
ξ 20 5 54 2112 6 36 2146 6 30 2044 4 18 1717 2947 1136 2252 ς, 52
ἢ 31 5 13 20 22 5 36 20 54 5 42 20 713 58 17 11 29 55 11 57 23 26 4 33
= 10 4 46 19 42 4 39 19 57 5 54 19 29 3 27 16 12 29 47 12 6 23 44 5 6
20 4 31 1910 4 10 18 8 4 1 1842 2 47 16 22 29 32 12 0 2356 5 2111
Ξεὶ31 434 1846429 18203 6 1746 155 1541292 1145 2350 5311
i} 10 4 34 18 37 3 4 17 55 2 20 16 49 0 55 14 58 28 27 11 20 23 40 5 35
Ξ 20 4 55 18 41 3 49 17 13 1 43 16 7 0 30 13 56 27 44 10 42 23 20 5 28
Ι ἐ 28 5 15 18 51 2 46 16 59 1 19 15 36 29 30 13 43 25 52 9 53 22 49 5-— 8

»3311354

 

 

 

 

 

 

 

 

 

