(24 recto> Tabula Solis Quarta.

 

   

 

 

 

 

 

 

 

’Ξ Septemb: 0 tobe ,νου mes December Janu Februarius—u
ἒ Virgo [Abra sc p Sagm Capri ccccccc Aqu ins
ἔ g m 2 g m 9 g rr 2 g g 2 0
z
’1 15 34‘13 15 11 35 16 20 18 ” 16 50 7 18 29 1 19 53 11
2 16 33 0 16 11 25 17 21 0 17 51 28 19 29 54 20 53 21
3 17 31 46 17 11 16 18 22 2 18 52 49 2ο 30 47 21 53 51
4 18 30 32 18 11 6 19 23 54 19 54 11 21 3140 22 54 12
5 19 29 19 19 10 56 20 23 46 20 55 32 22 32 32 23 54 33
6 20 2816 20 10 46 21 24 31 21 56 48 23 33 37 24 54 47
7 212713 21 10 35 22 25 6 22 58 3 24 34 43 25 55 2
8 22 2610 22 10 24 23 26 1 23 59 18 25 35 48 26 55 17
9 23 25 7 23 10 13 24 26 46 25 Ο 33 26 36 53 27 55 33
10 24 24 4 24 10 2 25 27 31 26 1 48 27 37 58 28 55 47
11 25 2311 25 10 22 26 28 25 27 3 3 28 38 53 29 55 50
12 26 22 18 26 10 42 27 29 18 28 4 18 29 3947 P sssss
13 27 21 25 27 11 2 28 30 11 29 ’5 33 01Ψ4αοω31
14 28 20 32 28 11 22 29 31 Ι4 Cgpncgm‘ig 1 41 25
15 29 ¹9 38 29 11'42 {³525ss 1 8'18 2 42 20
16 οὶ1ὂ8α44 OscoermSZ 1 33 19 2 9 42 3 43 10
17 11750 11221 23443 3116 4440
18 216 56 21240 336 1 41230 544 50
19 3162 3130 43722 51358 64540
20 415 8 4 13 19 5 38 44 6 15 18 7 46 29
21 514 48 51348 639 48 71630 847 7
22 61428 61416 74051 81742γ 04745
23 714 8 71444 84155 91854 104823
24 81347 81512 94258 1020 6 1149 1
25 913 26 9 15 41 10 44 2 11 21 18 12 49 38
26 1013 5 101618 11 44 58 122227 135010
27 11 12 45 11 16 55 12 45 55 13 23 35 14 5042
28 1212 25 12 17 32 13 46 52 14 24 43 15 51 14
29Ι 1312 5 13 18 9 14 47 49 15 25 51 16 51 46
30 141145 14 18 46 15 48 46 16 27 Ο 17 5218

1131 151926 17288 185250

 

 

444ςώ

