 

 

&OOOQQOEQQMb-d*

Argumentum Lunae aequatum.

 

Ξ

11
12
13
14
15
16
17
18
19
20
21
22

¹33

26
27
28

 

 

 

 

0 1 45
0 18 20
1 4 12
1 20 25
2 4 32

21545

2 27 38
3 3 52
3 13 45
4 2 20
4 12 31
42845
5 15 13
6155
6 18 33
7 5 7
7 21 22
8649
8 20 26
9 0 45
9 7 10
9 11 46
9 17 20
9 23 31
10 13 32

10 29 10

11 15 29

 

 

 

 

ῃἯηε Ξ
g ε
1 5 21

1 21 54 10
S 1 21

23 1 33

τ 6 9 46
3 15 33 55
3 21 12 60
3 25 58 57
4 5 5Ο 50
4 15 35 38
5 0 0 25
5 15 51 14
6 12 18 , 5
6 18 53 1
7 5 54 0
7 22 10 4
S S 37 12
8 24 57 23
9 9 18 36
9 21 55 48
10 0 0 57
10 5 14 60
10 10 19 56
10 19 6 47Ι
11 1 43 35
11 16 33 22
0 2 35 11
011) 5 4

 

 

 

 

3114
32525
4640
4 14 17
41857

424 5ο

(ll
,μ
0⁴
0

17 56

Οωσᾱκικιοῶυι
t
Ο
ω

25
39
52
58
60
55
43
32
20

ΦΘΦωΦ

 

 

 

 

 

 

 

3 12 59
3 29 34
4 15 59
5 1 55
5 16 12

5 27 50

6554
6 10 19
6 11 1
62554
7 6 40
7 23 50
8 9 58
8 26 11
9 10 10
9 29 50
10 16 23
11 2 40
11 18 17
o 2 10
0 12 57
o 19 4&
0 24 22
1 0 5
1 11 53
1 25 0
2 10 27

227 44

 

 

 

 

 

 

11 3¹24
11 19 54
0 5 58
0 20 52
1 3 32
1 12 3ο
1 17 48
1 22 49
2 1 7
2 13 17

22754'

3 Ι3 51

4 0 20

 

4

41655 0

