   

 

 

 

 

 

 

 

 

 

 

 

 

 

 

 

 

 

Argumentum lunae aequatum. (162 52⁵2)
ἶ Fen-ia vu Ν Feri· ΙΙ ,Ξ Furia. 111 A, Feria V a Ferxa VI a Feria 1 ’Ξ
c 3 ἐς ’.ε τ, ’ᾖ 2«
,ἔ Die 4 {³ :3 Ξ- 2 ’ξ 1 ’Ξ 3ο -Ξ 30
Ξ Marcius Ξ Aprilis Ξ Maius ἓ junius Ξ Junius Ξ Julius Ξ
³ «υ m s g m s fs m s g m s g m s g m
Ἢ
jl 4910 4 51246 7 52946 3 7322 6 72023 3 8150
2 1 25 40 11 5 29 5 16 6 16 16 11 7 19 44 15 8³u¹¹gs56 10 9 10 23
Ἰ 3 v 11 43 22 6 14 4Ο 27 7 2 23 21 S 5 27 27 8 3 3 21 guffgtsfi
Ἰ 4 π 26 37 34 6 28 4,, 40 7 17 22 34 8 19 34 40 9 8 10 33 1010 25
ἷ5 0910 47 7942 52 8013 44 9244 52 92158 46 102151
16 ὁ 1810 56 7 16 43 59 8 9 23 55 918 54 58 10 0 35 ¹ 55 10 2919
17 0 23 3 60 7 2119 59 ’ 8 14 5ο 60 9 28 47 59 10 614 60 11 3 59
J 8 0 28 25 58 s 27 50 54 819 45 57 10 2 12 ,53 1011 0 57 11 9 52
¹ 9 s 0 50 49 8 7 54 43 8 27 5ο 50 10 8 47 44 1018 52 50 11 19 41
,10 7 19 10 36 8 2128 30 9 9 41 37 1012 12 31 11 0 37 38 0 2 58
jn 3 339 23 9 354 18 924 21 24 10 27 33 19 1115 2 25 01813
12 ὃ 19 37 12 9 23 7 9 1010 23 13 11 12 45 9 0 0 53 14 1 4 23
13 9 6 5 4 10 942 ‘2 102643 5 0 015 2 01720 5 12056
l14 922 41 Ο 10 26 20 0 111319 9 016 57 O 1 355 1 2 7-34
ἐ15 10 9 21 O 11 2 58 2 1129 57 0 1 3 35 2 120 36 O 2 2413
16 10 25 57 5 1129 32 9 016 53 5 1 20 9 8 2 712 4 3 10 50
17 1112 23 14 0 15 44 18 1 3 1 13 2 7 24 18 2 23 29 12 3 27 4
18 1128 16 25 1 1 7 31 1 18 57 24 2 2151 30 3 9 39 23 4 12 35
19 012 44 35 1 14 55 44 2 3 32 36 3 5 28 43 3 24 20 36 4 24 ²0
5¹20 0 24 34 50 1 ⁷4 48 54 2 15 32 49 3 15 47 54 4 6 35 48 5 7 44
21 1 2 38 57 1 s 52 58 2 23 46 57 3 2212 59 415 2 51 513 37
¹22 1 7 22 60 5 3ο 58 2 28 44 60 3 26 48 59 4 20 16 60 5 18 7
23 1 12 54 55 212 41 52 3 4 6 56 4 2 22 48 4 25 21 56 5 24 34
¹24 1 2511 46 3 48 40 313 11 47 414 41 38 5 4 7 49 6 5 30
¹25 2 5 11 33 3 s 57 27 3 25 57 34 5 28 34 16 5 16 45 35 6 19 18
26 2 2014 21 5 23 32 16 410 54 24 5 1412 7 6 135 22 7 4 50
27 3 6 21 16 4 9 51 6 4 26 59 11 6 0 31 2 6 17 37 11 7 21 8
’28 3Λῖτ2ω553 3 441260527 1 5 13 29 3 6 17 6 o 7 4 7 4 ,8 1 43
'29 4939 0 5139 O 607 O 7346 3 72044 O 82423
'30 42610 1 61647 1 S 7 4 1 Η

 

 

